gene	logFC_24h	logFC_30h	logFC_36h	logFC_42h	logFC_54h	FDR									
SCO0001	0,49	0,87	0,91	1,92	1,45	1,0966									
SCO0008	1,69	1,84	2,44	1,07	2,26	0,0011									
SCO0016	2,12	0,84	1,47	0,77	1,16	0,4867									
SCO0036	2,48	1,49	1,35	1,03	1,32	0,0818									
SCO0038	0,65	1,07	0,39	0,84	0,67	0,0824									
SCO0056	0,37	1,24	0,59	2,26	1,95	0,2743									
SCO0057	0,74	0,46	1,02	1,26	1,51	0,4548									
SCO0060	0,99	1,04	1,58	2,63	4,07	0,002									
SCO0097	0,41	0,82	1,89	1,15	1,5	0,9002									
SCO0112	0,26	1,05	0,91	1,85	1,49	0,228									
SCO0117	1,33	0,91	0,32	0,97	0,56	0,15									
SCO0128	0,77	1,09	2,48	1,14	1,48	NA									
SCO0129	2,05	1,4	1,72	1,17	1,59	0,0204									
SCO0146	2,66	1,65	1,14	1,12	1,6	0,0314									
SCO0156	0,73	0,75	1,2	2,18	2,05	0,1042									
SCO0160	0,8	0,73	1,33	1,91	2,19	0,1442									
SCO0162	1,02	0,74	0,46	0,76	1,2	0,0187									
SCO0167	0,72	0,66	0,32	0,64	0,87	0,0059									
SCO0168	0,49	0,43	0,1	0,54	0,9	0									
SCO0169	0,69	0,43	0,13	0,37	0,55	0									
SCO0170	1,12	0,83	0,44	0,65	0,78	0,0658									
SCO0171	1,1	0,82	0,63	0,81	0,98	0,2394									
SCO0172	1,1	0,46	1,46	1,22	2,06	0,9469									
SCO0174	0,75	0,72	0,43	0,86	1,3	0,0304									
SCO0177	0,96	0,66	0,39	0,63	0,82	0,0195									
SCO0181	0,91	0,44	0,39	0,56	0,94	0,0068									
SCO0185	2,57	3,38	0,93	2,14	2,3	0									
SCO0186	2,18	3,62	1,07	2,69	2,82	0									
SCO0187	1,61	2,58	1,2	2,19	2,24	0,0006									
SCO0188	2,24	3,43	1,31	3,22	2,89	0									
SCO0189	2,05	2,8	0,89	2,01	1,42	0,0043									
SCO0190	1,98	3,16	0,87	1,86	1,37	0,0033									
SCO0191	2,8	3,04	0,89	2,13	1,49	0,0008									
SCO0194	1,16	2,2	0,83	0,86	1,92	0,1441									
SCO0195	1,42	2,56	0,99	1,19	2,61	0,0097									
SCO0196	1,82	2,03	0,89	1,53	2,14	0,0242									
SCO0199	0,95	0,79	0,32	0,64	0,93	0,0233									
SCO0200	0,68	0,61	0,25	0,48	0,65	0,0029									
SCO0201	0,64	0,46	0,3	0,5	0,64	0,0008									
SCO0204	0,45	0,39	0,18	0,34	0,45	0									
SCO0214	1,45	0,53	0,33	0,46	0,74	0,0083									
SCO0216	0,72	0,66	0,31	0,88	0,94	0,0275									
SCO0217	0,91	0,8	0,44	0,89	1,01	0,2193						NarJ2			
SCO0218	0,69	0,72	0,33	0,8	1,01	0,0664						NarI2			
SCO0219	1	0,53	0,24	0,65	0,83	0,0091									
SCO0223	0,95	1,51	0,48	1,62	1,55	1,2206									
SCO0224	2,22	1,31	1,02	1	1,12	0,4358									
SCO0226	1,61	1,82	1,36	1,69	1,95	0,0085									
SCO0251	0,31	0,78	0,95	1,67	1,72	0,4366									
SCO0252	2,07	1,16	1,21	1,11	1,18	0,2924									
SCO0355	0,9	1,09	1	2,39	1,69	0,0831									
SCO0375	0,66	0,55	1	0,46	0,49	0,0764									
SCO0379	0,41	0,89	0,53	0,29	0,39	0,0016									
SCO0380	0,49	0,91	1,05	0,58	0,71	0,2589									
SCO0381	0,42	0,78	1,05	0,7	0,63	0,2491									
SCO0382	0,42	0,73	0,86	0,79	0,63	0,2125									
SCO0383	0,44	0,71	0,82	0,63	0,56	0,0827									
SCO0392	0,37	0,71	1,05	0,77	0,7	0,1683									
SCO	#	Fold	Change*	pfp	Protein	Annotation									
SCO0393	0,39	0,8	0,82	0,7	0,59	0,0869									
SCO0415	0,64	0,8	2,14	1,61	2,83	0,036									
SCO0426	2,66	1,37	1,15	1,13	1,27	0,0639									
SCO0436	0,29	0,22	2,28	0,58	0,42	0,0009									
SCO0437	0,49	0,58	0,83	0,56	0,57	0,0728									
SCO0446	1,02	1,72	0,83	2,06	1,67	0,1277									
SCO0460	0,76	0,73	0,94	0,43	0,45	0,0868									
SCO0463	0,47	0,46	0,89	0,51	0,38	0,0168									
SCO0472	0,15	0,11	0,94	0,1	0,13	0									
SCO0473	0,27	0,15	1,12	0,13	0,18	0									
SCO0474	0,25	0,21	1,01	0,18	0,21	0,0004						subunit			
SCO0475	0,3	0,13	0,95	0,17	0,19	0									
SCO0476	0,32	0,13	1,01	0,18	0,27	0									
SCO0477	0,41	0,34	1,13	0,28	0,32	0,0096									
SCO0481	0,93	0,95	1,22	2	1,24	0,4732									
SCO0502	0,5	0,88	0,95	2,32	0,82	0,6494									
SCO0509	1,02	1,47	1,22	2,5	2,53	0,0067									
SCO0518	0,66	0,73	0,77	0,46	0,52	0,0662									
SCO0530	0,97	1,13	0,47	0,98	0,93	0,7173						2			
SCO0569	0,33	0,22	0,72	0,25	0,22	0						3			
SCO0570	0,08	0,12	0,72	0,14	0,11	0									
SCO0591	1,06	1,78	1,26	2,42	3,29	0,0007						factor			
SCO0598	0,39	0,76	1,19	0,91	0,88	0,5884									
SCO0607	0,73	1,09	1,3	1,25	2,13	0,1297									
SCO0641	0,4	0,74	0,7	0,5	0,53	0,0228									
SCO0649	1,34	1,35	0,99	2,25	2,39	0,0063						protein	2	(GVP)	
SCO0650	1,91	2,21	1,2	2,86	3,15	0									
SCO0651	1,24	1,63	1,25	1,87	2,3	0,0089									
SCO0653	0,88	0,99	1,43	2,07	1,99	0,1039									
SCO0665	1,67	1,28	1,13	2,21	2,74	0,0034									
SCO0666	1,29	1,74	1,21	1,85	2,13	0,0191									
SCO0678	2,56	1,99	1,53	2,26	2,42	0									
SCO0679	1,54	1,79	1,14	2,69	3	0,0008									
SCO0682	0,4	0,62	0,68	0,3	0,44	0,0077									
SCO0683	0,51	0,74	0,94	0,49	0,7	0,1044									
SCO0684	0,43	0,84	0,73	0,61	0,64	0,1165									
SCO0685	0,47	0,81	0,73	0,61	0,7	0,1484									
SCO0705	0,36	0,6	0,64	0,42	0,4	0,0047									
SCO0721	1,08	1,33	0,94	2,04	1,51	0,2489									
SCO0743	1,68	2,29	0,78	1,85	2,26	0,0041									
SCO0750	0,51	0,55	0,63	0,26	0,32	0,0006									
SCO0753	0,34	0,81	1,44	0,77	0,98	0,2874									
SCO0777	0,95	1,27	0,99	1,79	2,11	0,201									
SCO0778	1,56	1,67	1,24	1,96	2,35	0,007									
SCO0779	1,11	1,2	1,27	1,32	2,15	0,1211									
SCO0781	1,14	1,69	1,16	1,68	2,01	0,074									
SCO0832	1,72	1,4	1,05	2,45	2,97	0,0006									
SCO0833	1,48	1,04	1,32	2,91	3,58	0,0007									
SCO0834	1,18	1,6	0,93	2,08	1,84	0,0012									
SCO0850	1,29	1,29	1,2	2,84	2,74	0,0012									
SCO0861	1,61	0,68	0,85	0,5	0,68	0,372									
SCO0867	0,81	0,73	0,82	0,48	0,47	0,1618									
SCO0876	0,69	1,03	0,39	1,14	1,04	0,4689									
SCO0919	1,16	1,15	0,94	2,07	2,21	0,0848									
SCO0930	0,52	1,02	0,54	0,47	0,55	0,0106									
SCO0931	0,76	0,86	0,5	1	1,05	0,4654									
SCO0933	0,88	0,91	1,45	2,16	2,13	0,0638									
SCO0934	2,16	7,64	1,53	9,2	11,38	0									
SCO0935	1,15	1,34	1,42	1,91	2,62	0,0174									
SCO0936	1,44	2,04	1,25	1,85	2,44	0,0042									
SCO0939	1,35	0,93	0,39	1,04	0,88	0,6534									
SCO0941	1,56	1,56	1,06	2,22	2,25	0,0046									
SCO0955	0,47	0,58	0,51	0,45	0,51	0,0087									
SCO0985	0,91	0,71	0,9	0,53	0,44	0,2399									
SCO0986	0,59	0,8	0,63	0,62	0,49	0,0726									
SCO0989	0,76	0,5	1,07	1,14	1,09	0,5637									
SCO0995	0,6	0,58	0,68	0,48	0,56	0,0273									
SCO0996	0,53	0,59	0,52	0,46	0,43	0,0057									
SCO0999	0,73	0,58	1,16	0,34	0,5	0,0246									
SCO1023	0,42	0,76	0,92	0,61	0,74	0,2287									
SCO1053	2,07	0,79	1,45	1,23	1,11	0,2838									
SCO1088	1,44	2,12	1,19	1,94	1,9	0,005									
SCO1089	1,6	2,11	0,89	2,18	2,59	0,0046									
SCO1105	0,49	0,99	0,44	0,78	0,6	0,0826									
SCO1107	2,11	1,56	1,32	2,41	1,99	0,0012									
SCO1108	0,91	1,15	0,82	2,02	0,94	0,5799									
SCO1143	1,94	2,37	1,51	3,41	3,53	0						type	B	1	
SCO1150	1,83	1,15	1,86	1,48	2,54	0,0103									
SCO1158	0,9	0,58	1,3	0,48	0,59	0,2146									
SCO1161	0,45	0,59	0,83	0,59	0,53	0,0742									
SCO1172	1,69	2,18	0,89	1,78	1,75	0,0054									
SCO1178	2,33	1,74	1,14	1,05	1,07	0,0519									
SCO1195	1,33	1,82	1,33	2,27	2,69	0,0008									
SCO1197	0,49	0,65	1,38	0,68	0,56	0,2791									
SCO1200	0,52	0,46	0,84	0,51	0,4	0,0225									
SCO1205	0,52	0,43	0,8	2,28	1,76	0,3145									
SCO1208	1,32	1,24	1,37	1,65	2,01	0,0652									
SCO1216	0,39	0,77	1,48	0,86	0,83	0,6515									
SCO1235	1,6	2,17	0,47	0,91	1,01	0,1835									
SCO1236	1,65	1,95	0,43	0,92	0,84	0,494									
SCO1288	2,03	1,55	0,79	1,15	1,13	0,3279									
SCO1319	1,31	2,27	1,06	1,8	1,83	0,0061									
SCO1346	1,11	2,15	1,15	1,56	1,34	0,0219									
SCO1357	0,42	0,76	0,69	0,52	0,68	0,0057									
SCO1403	0,42	0,72	1,26	0,92	0,82	0,5162									
SCO1415	1,13	2,58	1,03	3,44	3,47	0									
SCO1416	1,08	2,17	1,42	2,89	3,42	0,0003									
SCO1426	1,07	1,43	1,03	3,35	3,4	0,0009									
SCO1431	0,85	1,3	1,09	2,14	2,03	0,0407									
SCO1451	0,67	0,69	0,79	0,5	0,48	0,0997									
SCO1480	0,64	1,02	0,56	0,47	0,6	0,0981									
SCO1485	0,83	0,42	0,83	0,94	0,77	0,3451									
SCO1488	0,66	0,46	0,64	1,23	0,61	0,1483									
SCO1489	0,45	0,66	0,81	0,67	0,89	0,1745									
SCO1540	0,45	0,82	0,89	0,93	1,13	0,5805						SsgB			
SCO1541	1,42	3,46	1,15	4,52	6,78	0									
SCO1550	0,35	0,32	0,9	0,45	0,67	0,0008									
SCO1557	0,31	0,57	0,86	0,31	0,32	0,0068									
SCO1558	0,57	0,94	0,89	0,37	0,49	0,0944									
SCO1571	0,55	0,82	0,48	0,51	0,58	0,0383									
SCO1575	0,47	0,79	0,61	1,28	1,29	0,2031									
SCO1599	0,77	1,08	0,5	0,38	0,59	0,0392									
SCO1627	0,66	0,68	0,68	0,38	0,43	0,018									
SCO1628	0,64	0,64	0,67	0,55	0,47	0,049									
SCO1629	0,57	0,81	0,68	0,47	0,5	0,0546									
SCO1630	0,63	0,69	0,74	0,45	0,5	0,0523						PrcA			
SCO1643	0,39	0,74	0,98	0,74	0,9	0,4048						PrcB			
SCO1644	0,45	0,8	0,98	0,76	1,09	0,6738									
SCO1645	0,44	0,78	0,73	0,66	0,86	0,1874						protein			
SCO1659	0,58	1,54	1,09	2,95	2,11	0,0288									
SCO1660	0,48	1,54	0,97	2,09	1,68	0,8755									
SCO1661	0,33	0,97	1,27	1,81	1,41	0,9285									
SCO1662	0,45	0,83	1,06	1,18	1,01	1,0299									
SCO1668	1,62	1,13	0,91	2,19	2,44	0,014									
SCO1675	0,73	0,88	0,82	0,41	0,86	0,1245									
SCO1700	1,22	2,91	0,79	0,73	1,51	0,0159									
SCO1708	0,36	0,72	1,07	1,07	1	0,4819						1			
SCO1749	1,09	2,02	1,07	2,04	2,85	0,0021									
SCO1781	0,49	0,85	0,83	0,79	0,85	0,2976									
SCO1792	2,01	1,79	1,03	0,62	0,91	0,3302									
SCO1800	0,44	0,61	0,87	0,26	0,48	0,0054									
SCO1811	0,52	0,75	0,72	0,52	0,37	0,0161									
SCO1828	0,91	2,83	1,21	2,33	2,62	0									
SCO1860	0,76	1,07	0,84	0,66	0,43	0,2149									
SCO1862	0,45	0,98	1,26	0,93	0,97	1,1326									
SCO1874	0,67	1,35	1,04	2,76	2,14	0,0299									
SCO1913	0,46	0,85	1,11	1,01	0,93	0,9808									
SCO1919	0,51	0,88	0,73	0,36	0,46	0,025									
SCO1920	0,6	0,93	0,81	0,42	0,47	0,1066									
SCO1921	0,75	1,14	0,59	0,5	0,53	0,1849									
SCO1922	0,69	1,09	0,6	0,39	0,4	0,0415									
SCO1923	0,7	0,94	0,5	0,32	0,35	0,0087									
SCO1925	0,52	0,8	0,69	0,5	0,52	0,0737									
SCO1926	0,49	0,59	0,76	0,45	0,48	0,0243									
SCO1934	0,43	0,8	0,79	0,82	0,84	0,4238									
SCO1943	0,52	0,76	0,54	0,53	0,47	0,0213									
SCO1955	0,44	1,32	1,45	2	1,14	1,2242									
SCO1978	0,53	1,31	1,23	4,36	1,79	0,0033									
SCO1980	0,43	0,61	0,98	0,65	0,62	0,1317									
SCO1982	0,64	1,15	0,97	1,03	2,01	0,7197						binding	protein		
SCO2008	0,55	0,83	0,43	0,37	0,37	0,0045						transport	permease		
SCO2009	0,63	0,91	0,48	0,67	0,64	0,1									
SCO2025	1,34	1,51	0,87	1,73	2,19	0,0496									
SCO2026	1,17	1,43	0,73	1,63	2,19	0,0813									
SCO2041	0,51	0,64	0,85	2,01	0,84	1,1979									
SCO2078	0,38	0,58	0,52	0,34	0,45	0,0008									
SCO2097	0,45	0,72	0,87	0,77	0,76	0,2366									
SCO2113	1,63	3,31	0,76	1,5	1,41	0,007									
SCO2141	0,45	1,15	1	1,44	0,77	0,9741									
SCO2153	0,83	1,11	1,21	1,8	2,11	0,0995									
SCO2161	0,48	0,62	0,6	0,35	0,42	0,0083									
SCO2167	0,45	0,82	0,96	0,9	0,74	0,6207									
SCO2172	0,5	0,74	0,74	0,58	0,47	0,0322									
SCO2195	0,78	1,2	0,42	0,58	0,6	0,1804									
SCO2199	0,45	0,98	0,72	1,47	1,71	0,8615									
SCO2207	0,37	0,73	0,57	0,43	0,46	0,0069									
SCO2209	0,48	0,84	0,81	0,94	1,08	0,4695									
SCO2210	2,82	3,55	0,43	1,93	1,5	0,0005									
SCO2211	2,51	2,88	0,83	1,68	1,38	0,0009									
SCO2212	0,36	0,54	0,41	0,28	0,22	0									
SCO2213	0,45	0,52	0,76	0,62	0,41	0,0193									
SCO2217	0,52	0,87	0,42	0,28	0,32	0									
SCO2247	0,39	0,77	1,03	0,87	0,8	0,5545									
SCO2260	0,4	0,78	0,76	1,2	1,19	0,5184									
SCO2261	0,48	0,79	0,63	3,61	2,17	0,0119									
SCO2288	1,33	1,94	1,28	1,82	2,01	0,0054									
SCO2314	0,47	0,91	1,04	0,93	1,1	1,0254									
SCO2354	0,43	0,83	0,86	1,2	1,36	0,4699									
SCO2357	0,48	0,71	0,86	0,54	0,6	0,1167									
SCO2367	0,49	0,86	0,7	0,58	0,62	0,1191									
SCO2368	0,48	0,83	0,78	0,62	0,6	0,1381									
SCO2389	0,49	0,71	0,58	0,47	0,83	0,0665									
SCO2447	0,5	0,67	1,18	0,86	0,88	0,7015									
SCO2451	1,48	1,78	1,36	2,29	2,7	0,0009									
SCO2478	3,11	1,95	1,29	1	1,22	0,0162									
SCO2486	2	2,48	0,66	1,71	1,32	0,0013						NirB			
SCO2487	2,27	3,64	0,47	1,67	1,07	0,0007						NirC			
SCO2488	1,63	3,25	0,67	2,45	2,18	0,0003									
SCO2489	1,36	2,31	0,63	1,08	0,76	0,0376									
SCO2504	0,56	0,74	0,74	0,45	0,43	0,0341									
SCO2505	0,14	0,12	0,76	0,13	0,13	0									
SCO2506	0,22	0,3	0,78	0,24	0,25	0,0003									
SCO2507	0,32	0,33	0,92	0,27	0,29	0,0029									
SCO2512	0,62	0,53	1,07	0,41	0,53	0,0767									
SCO2513	0,4	0,51	0,93	0,44	0,34	0,0176									
SCO2514	0,51	0,5	0,8	0,31	0,22	0,0037									
SCO2550	0,46	0,89	0,94	0,96	1,03	0,7674									
SCO2554	0,5	0,78	0,87	0,76	0,67	0,3948									
SCO2555	0,47	0,67	0,72	0,77	0,7	0,1445									
SCO2573	0,44	0,79	0,68	0,53	0,53	0,0245									
SCO2574	0,4	0,71	0,41	0,44	0,41	0,0017									
SCO2580	0,31	0,44	1	0,44	0,46	0,0192									
SCO2581	0,43	0,92	1,14	0,78	0,74	0,648									
SCO2591	0,43	0,71	0,84	0,58	0,65	0,0523									
SCO2592	0,62	0,76	0,64	0,51	0,49	0,0443									
SCO2597	0,59	0,85	0,56	0,36	0,46	0,0095									
SCO2629	0,55	0,7	3,47	1,44	1,13	0,3701									
SCO2633	0,55	0,44	0,99	0,26	0,4	0,0051									
SCO2634	0,58	0,67	1,15	0,35	0,39	0,0327									
SCO2636	1,21	1,64	1,22	1,9	2,91	0,0046									
SCO2637	1,03	1,42	0,98	1,57	2,16	0,19									
SCO2641	0,45	0,66	0,92	0,62	0,58	0,1024									
SCO2648	0,36	0,71	0,81	1,3	1,08	0,6975						(SSB	1)		
SCO2683	1,16	1,09	1,6	1,64	2,01	0,0692									
SCO2684	1,02	1,6	1,3	2,37	2,22	0,0102									
SCO2699	0,89	2,05	1,02	1,71	2,38	0,0048									
SCO2704	1,1	2,37	1,33	3,16	3,51	0									
SCO2705	1,87	2,37	1,31	3,53	4,54	0									
SCO2716	3,15	3,69	1,29	4,79	7,68	0									
SCO2718	3,62	2,61	0,91	2,25	6,21	0									
SCO2719	2,57	2,12	0,79	1,63	3,74	0,0002									
SCO2725	0,48	0,78	1,09	1,11	0,86	0,9094									
SCO2728	1,12	1,75	1,17	1,48	2,1	0,0582									
SCO2729	0,73	1,31	0,9	2,03	2,33	0,1468									
SCO2730	0,48	0,97	1,23	1,27	1,47	1,0258									
SCO2768	0,46	0,75	0,88	0,69	0,75	0,2787									
SCO2774	1,59	2,57	0,89	1,71	1,56	0,0018									
SCO2779	1,34	0,93	1,24	2,07	1,76	0,0379									
SCO2795	1,79	2,4	0,89	1,75	2,27	0,0073									
SCO2797	1,3	1,61	1,13	1,56	2,06	0,0641									
SCO2819	0,38	0,42	0,87	0,29	0,35	0,0054						protein			
SCO2830	0,57	0,91	1,04	2,37	1,52	0,4533									
SCO2838	0,45	0,75	0,9	0,71	0,69	0,2338									
SCO2845	2,41	1,18	0,82	0,98	1,15	0,4459									
SCO2858	0,5	0,78	1,11	1,15	0,94	1,1319									
SCO2882	0,77	0,81	0,68	0,49	0,53	0,0721									
SCO2887	0,43	0,96	1,2	0,96	0,96	1,1095									
SCO2905	0,26	0,46	0,89	0,71	0,54	0,0086									
SCO2910	0,35	0,5	0,8	0,41	0,42	0,0066									
SCO2911	0,43	0,35	0,82	0,29	0,31	0,0044									
SCO2912	0,42	0,44	0,59	0,32	0,32	0,0014									
SCO2924	1,86	3,66	1,11	3,92	4,85	0									
SCO2928	2,05	1,3	1,13	1,8	1,87	0,0251						(HSl)			
SCO2950	1,07	2,13	0,67	0,81	0,99	0,1829									
SCO2953	0,51	0,73	0,59	0,48	0,64	0,0182									
SCO2954	0,59	0,84	0,57	0,47	0,52	0,0109									
SCO2959	1,85	2,91	0,39	1,13	1,09	0,0073									
SCO2970	0,33	0,81	0,97	0,74	0,59	0,1501									
SCO2971	0,45	0,77	0,72	0,35	0,45	0,0109									
SCO2976	0,38	0,66	0,58	0,58	0,62	0,0159									
SCO3013	0,33	0,68	0,87	0,52	0,64	0,0503									
SCO3023	0,51	0,76	0,76	0,32	0,4	0,018									
SCO3035	0,69	0,6	1,14	0,47	0,46	0,1226									
SCO3047	1,21	1,96	1,07	1,98	2,34	0,0095									
SCO3048	0,87	2,06	0,87	1,27	1,72	0,0383									
SCO3051	1,44	2,29	0,86	1,36	1,51	0,011									
SCO3063	0,4	0,81	0,83	0,84	0,79	0,322									
SCO3067	0,41	0,7	0,91	1,02	1,26	0,4227									
SCO3069	0,48	0,94	0,87	1,46	1,17	0,9121									
SCO3086	1,18	3	1,02	1,14	1,82	0,0045									
SCO3087	0,47	1,01	0,99	1,2	1,13	1,0871									
SCO3088	1,1	2,21	0,72	0,89	1	0,1444									
SCO3098	0,6	0,64	0,95	0,49	0,51	0,1253									
SCO3105	0,87	0,93	0,44	0,88	0,37	0,0292									
SCO3106	0,91	0,91	0,47	0,91	0,63	0,0871									
SCO3108	0,72	2,24	1,12	2,27	1,56	0,0269									
SCO3112	0,57	0,87	0,99	0,57	0,49	0,2392									
SCO3121	0,21	0,36	0,95	0,57	0,51	0,0069									
SCO3124	0,4	0,76	0,79	0,51	0,57	0,0609									
SCO3152	1,71	1,42	1,42	1,84	2,67	0,0047									
SCO3167	1,92	1,14	0,57	2,35	2,41	0,0068									
SCO3169	0,66	1,3	1,39	2,16	1,71	0,0223									
SCO3182	0,62	1,05	0,64	0,49	0,48	0,0989									
SCO3187	0,32	0,46	0,59	0,51	0,49	0,0027									
SCO3206	0,45	0,3	1,13	0,2	0,16	0,0015									
SCO3207	0,38	0,27	0,96	0,21	0,17	0,0003									
SCO3218	0,24	1,54	0,77	0,72	0,69	0,1571									
SCO3254	0,96	1,89	0,35	1,09	0,99	0,5121									
SCO3255	0,42	0,8	1,08	1,14	1,39	0,4499									
SCO3266	0,73	0,82	1,5	2,24	2,1	0,0522									
SCO3270	0,45	0,53	1,39	1,52	2,07	0,4737									
SCO3278	0,63	2,02	1,45	2,89	3,54	0,0003									
SCO3290	0,35	0,59	0,55	0,48	0,7	0,0137									
SCO3309	0,92	1,17	2,04	1,17	1,58	0,0638									
SCO3323	0,54	0,74	0,6	0,36	0,47	0,0128									
SCO3327	0,48	1,65	0,6	1,12	0,95	0,5353									
SCO3328	0,4	0,92	1,14	0,72	1,07	0,443									
SCO3342	0,78	2,23	1,02	1,38	1,76	0,0312						DisA	(Cyclic	di‐AMP	synthase)
SCO3352	0,44	0,68	0,95	0,9	0,88	0,4148									
SCO3379	1,12	2,02	0,85	2,03	1,95	0,0125									
SCO3386	0,39	0,85	1,34	0,93	1,1	1,0248									
SCO3409	0,42	0,65	0,95	0,48	0,52	0,056									
SCO3423	0,48	0,65	0,69	0,66	0,59	0,0623									
SCO3424	0,4	0,54	0,73	0,39	0,51	0,0077						2			
SCO3425	0,16	0,28	0,85	0,3	0,24	0,0004									
SCO3426	0,17	0,19	0,92	0,18	0,17	0						type	B	2	
SCO3427	0,09	0,09	1,27	0,06	0,06	0						L33	1		
SCO3428	0,1	0,12	0,65	0,09	0,08	0									
SCO3429	0,2	0,23	1,15	0,2	0,24	0,0008									
SCO3430	0,26	0,15	1,46	0,13	0,17	0									
SCO3431	0,25	0,28	1,11	0,22	0,24	0,0028									
SCO3437	0,67	0,55	1,22	0,42	0,34	0,0744									
SCO3438	0,93	0,43	1,24	0,24	0,17	0,016									
SCO3442	0,9	0,77	0,97	0,53	0,4	0,3127									
SCO3444	0,83	0,84	0,99	0,57	0,46	0,4636									
SCO3445	0,46	0,75	0,79	0,25	0,2	0,0036									
SCO3447	0,7	0,79	0,77	0,33	0,25	0,0192									
SCO3448	0,93	0,82	0,73	0,38	0,28	0,0575									
SCO3449	0,87	0,92	0,97	0,4	0,31	0,0849									
SCO3450	0,61	0,71	0,79	0,29	0,26	0,0137									
SCO3452	0,85	1,15	0,67	0,55	0,47	0,2497									
SCO3455	0,94	0,85	0,81	0,49	0,47	0,3086									
SCO3456	0,69	0,76	0,92	0,46	0,37	0,1223									
SCO3460	1,04	0,94	0,96	0,52	0,44	0,4867									
SCO3461	0,69	0,76	0,87	0,74	0,37	0,1118									
SCO3462	0,86	0,98	0,74	0,52	0,42	0,274									
SCO3463	1,08	1,13	0,77	0,45	0,36	0,2365									
SCO3465	1,03	0,99	0,63	0,5	0,41	0,2401									
SCO3471	0,85	1,5	1,69	0,61	1,11	0,0038									
SCO3472	1,39	1,83	3,29	1,3	3,82	0									
SCO3473	0,36	0,08	0,2	0,08	0,12	0									
SCO3474	0,18	0,03	0,07	0,02	0,06	0									
SCO3475	0,24	0,05	0,08	0,04	0,05	0									
SCO3476	0,26	0,11	0,16	0,08	0,12	0									
SCO3477	0,42	0,22	0,34	0,18	0,22	0									
SCO3478	0,56	0,88	1	0,44	1,12	0,3147									
SCO3481	0,69	1,17	0,8	0,42	1,13	0,3472									
SCO3482	0,55	1,01	0,66	0,4	0,98	0,0839									
SCO3483	0,5	1,07	0,89	0,45	1,15	0,3067									
SCO3484	0,47	1,17	0,81	0,41	1,11	0,1508									
SCO3486	0,44	0,75	0,93	0,45	0,72	0,1129									
SCO3487	0,63	1,29	0,9	0,48	1,17	0,3857									
SCO3529	1,46	0,89	2,22	1,22	1,39	0,1563									
SCO3537	0,62	0,61	0,5	0,31	0,37	0,0026									
SCO3538	0,55	0,6	0,42	0,31	0,37	0,0006									
SCO3548	0,3	0,95	1,26	0,87	0,76	0,4561									
SCO3549	0,57	1,12	0,73	0,48	0,73	0,2184									
SCO3561	1,26	1,96	1,42	3,05	3,62	0									
SCO3571	0,38	0,67	0,6	0,57	0,59	0,0189									
SCO3575	0,47	1,01	0,88	0,78	0,87	0,7232									
SCO3576	0,32	0,61	0,7	0,66	0,67	0,0304									
SCO3579	0,41	0,73	1,05	0,53	0,87	0,164									
SCO3584	0,44	0,53	1,15	0,88	0,97	0,3722									
SCO3591	0,35	0,8	1,05	1,35	1,17	0,5673									
SCO3600	2,07	1,08	0,81	0,97	0,87	1,0349									
SCO3604	0,5	1	1,05	1,01	0,92	1,1982									
SCO3607	0,99	1,69	0,94	1,45	2,23	0,1741									
SCO3608	1,01	1,09	1,28	1,51	2,05	0,265									
SCO3657	0,79	0,98	1,29	1,95	2,84	0,0451									
SCO3662	0,49	0,43	0,54	0,42	0,42	0,0044									
SCO3663	0,21	0,34	1,01	0,82	1,48	0,0143									
SCO3664	0,47	0,68	0,65	0,59	0,51	0,0304						HspR			
SCO3668	0,52	0,73	0,41	0,75	0,73	0,0609									
SCO3671	0,64	0,8	0,36	0,9	1,08	0,124									
SCO3701	0,85	0,86	2,86	0,68	0,89	0,3915									
SCO3712	1,15	2,13	0,91	1,69	2,06	0,005									
SCO3713	0,42	0,82	0,84	0,73	0,71	0,335									
SCO3714	0,53	0,83	0,71	0,41	0,46	0,0424									
SCO3731	0,74	1,43	0,82	0,49	0,76	0,3719									
SCO3732	1,64	2,43	0,91	1,04	1,2	0,05									
SCO3748	0,67	1,2	0,59	0,49	0,87	0,123									
SCO3762	0,5	0,4	0,63	1,35	2,92	0,4628									
SCO3793	0,43	1,17	0,51	0,69	0,67	0,1327									
SCO3800	1,48	2,22	0,87	1,98	2,08	0,0012									
SCO3802	0,4	0,98	0,84	1,45	1,4	0,5939									
SCO3805	1,44	0,99	1,19	1,82	2,06	0,0999									
SCO3814	0,5	0,58	0,67	0,41	0,44	0,0083									
SCO3852	0,54	0,54	0,59	0,48	0,53	0,0107						2,5,1,‐)			
SCO3858	0,57	0,68	0,7	0,46	0,47	0,0274									
SCO3862	1,24	2,8	0,84	2,18	2,45	0,0004									
SCO3863	2,18	7,83	1,03	6,09	6,53	0									
SCO3867	1,35	1,77	1	2,73	3,42	0,0007									
SCO3870	0,47	0,59	0,49	0,37	0,3	0,001									
SCO3871	0,48	0,96	0,81	1,51	1,11	0,7331									
SCO3880	0,5	0,79	0,82	0,39	0,48	0,0275						(RNase	P)		
SCO3881	0,48	0,85	1,09	0,62	0,73	0,4606									
SCO3889	0,43	0,76	0,75	0,53	0,47	0,0489						1,8,1,9)			
SCO3890	0,63	0,67	0,79	0,38	0,35	0,0249									
SCO3899	0,43	0,86	0,66	0,69	0,91	0,0913									
SCO3906	0,64	0,82	0,64	0,33	0,52	0,0189						(SSB	2)		
SCO3907	0,77	1,11	0,77	0,57	0,74	0,6768						1			
SCO3908	0,56	0,95	0,51	0,3	0,4	0,0065									
SCO3909	0,73	1,34	0,81	0,5	0,78	0,6799									
SCO3918	1,83	1,74	1,18	1,63	2,13	0,0068									
SCO3924	0,48	0,52	0,6	0,65	0,67	0,0303									
SCO3937	1,09	0,82	0,77	0,74	0,61	0,4147						(Fragment)			
SCO3938	0,71	0,43	1,2	0,84	0,9	0,3616									
SCO3962	0,49	0,67	0,72	0,49	0,5	0,0321									
SCO3965	0,94	0,73	0,57	0,37	0,36	0,0197									
SCO3966	0,75	0,78	0,62	0,44	0,45	0,0536									
SCO3967	0,66	0,62	0,96	0,4	0,39	0,0415									
SCO3968	0,64	0,7	0,83	0,39	0,4	0,0292									
SCO3975	1,1	1,33	1,19	2,39	2,86	0,0048									
SCO3976	0,49	0,59	1,09	1,3	1,35	0,6152									
SCO3986	0,83	1,75	1,24	2,09	1,51	0,0313									
SCO3990	0,42	0,53	0,88	0,85	0,66	0,0509									
SCO3991	0,65	0,59	0,86	0,45	0,64	0,0665									
SCO3992	1,09	0,48	0,87	0,53	0,5	0,0522									
SCO3993	0,48	0,66	0,93	0,7	0,54	0,1402									
SCO3998	0,6	0,68	0,95	0,49	0,58	0,1445									
SCO4032	1,07	0,72	0,39	1,56	1,59	0,1364									
SCO4037	0,5	0,5	0,91	0,66	0,76	0,1043									
SCO4057	1,37	3,16	1,55	5,87	7,3	0									
SCO4060	1,44	1,42	1,54	1,32	2,32	0,0153									
SCO4088	0,47	0,85	0,7	0,66	0,51	0,0723									
SCO4091	0,48	1,02	1,08	0,54	0,76	0,3394									
SCO4100	0,82	0,73	0,77	0,57	0,48	0,1718									
SCO4112	0,45	0,76	0,79	1,09	0,85	0,6912									
SCO4113	0,47	0,78	1,08	1,07	0,99	0,9039									
SCO4118	0,5	1	1,13	1,08	0,81	1,1321									
SCO4131	0,49	0,95	0,58	0,67	0,72	0,1044									
SCO4142	1,7	1,94	0,33	1,06	0,82	0,68									
SCO4164	0,48	0,48	0,62	0,36	0,46	0,0029									
SCO4165	0,35	0,6	1,31	0,83	1,2	0,2744									
SCO4178	0,46	0,79	0,47	0,52	0,55	0,0107									
SCO4187	1,12	1,55	0,63	1,2	2,48	0,1106									
SCO4200	0,41	0,74	0,48	0,7	0,69	0,0252									
SCO4211	3,11	0,9	0,98	1	1,07	0,3839									
SCO4212	0,42	2,29	1,78	2,31	2,29	0,0009									
SCO4214	0,32	0,26	0,76	0,22	0,17	0									
SCO4223	1,87	2,7	1,22	1,21	1,17	0,016									
SCO4225	0,99	3,03	1,2	1,37	1,86	0,005									
SCO4231	0,47	1,01	1,1	1,04	0,96	1,1755									
SCO4232	0,31	0,79	0,58	0,5	0,56	0,0108									
SCO4240	0,49	0,57	0,82	0,62	0,7	0,1214									
SCO4266	3,58	2,09	1,48	0,7	0,95	0,0079									
SCO4277	0,4	0,92	0,64	0,51	0,56	0,0372									
SCO4289	1,24	3,13	1,53	2,1	2,26	0,0003									
SCO4294	0,3	0,48	0,66	0,35	0,35	0,0006									
SCO4295	0,4	0,69	0,44	0,4	0,54	0,0045									
SCO4296	0,54	0,58	0,61	0,44	0,55	0,0103									
SCO4297	0,74	0,73	0,96	0,45	0,39	0,1257									
SCO4300	0,28	0,72	1,06	0,82	0,89	0,1335									
SCO4340	0,57	0,68	0,78	0,33	0,32	0,0156									
SCO4344	0,72	0,8	1,57	1,35	2,17	0,1901									
SCO4346	0,8	0,81	0,73	0,64	0,5	0,1255									
SCO4347	0,7	0,99	0,52	0,75	0,49	0,1473									
SCO4408	0,4	0,65	1,19	0,61	0,64	0,1567									
SCO4409	0,51	0,71	0,77	0,52	0,49	0,0699									
SCO4438	0,49	0,82	1,18	1,15	0,99	1,0205									
SCO4441	0,45	0,64	0,88	0,52	0,61	0,1041									
SCO4442	0,51	0,48	0,78	0,24	0,55	0,001									
SCO4486	0,38	1,19	1,05	0,84	0,86	0,7324									
SCO4496	0,71	0,79	0,96	0,49	0,46	0,2376									
SCO4497	0,61	0,73	0,52	0,53	0,39	0,0135									
SCO4498	0,39	0,48	0,87	0,48	0,41	0,0157									
SCO4509	0,46	0,8	0,75	0,49	0,41	0,0244									
SCO4520	2,2	1,13	1,32	1,7	1,23	0,056									
SCO4531	0,65	0,5	1,06	1,26	1,4	0,816									
SCO4540	0,84	0,99	0,71	0,65	0,45	0,1484									
SCO4544	0,46	0,71	0,78	0,69	0,54	0,0973									
SCO4557	0,42	0,68	1,13	1,06	1,64	0,4588									
SCO4561	0,44	0,95	0,58	0,41	0,48	0,0106									
SCO4581	0,41	0,61	0,76	0,5	0,55	0,0238									
SCO4582	0,47	0,86	0,71	0,92	0,9	0,5343									
SCO4596	0,48	0,61	0,93	1,02	0,93	0,2946									
SCO4616	1,09	0,82	0,13	0,58	0,33	0,0047									
SCO4619	0,98	1	0,42	0,83	0,57	0,3773									
SCO4623	1,36	0,5	0,91	0,9	0,77	0,2844									
SCO4626	1,41	1	0,44	0,75	0,71	0,4101									
SCO4633	0,82	0,86	1,07	2,1	1,17	0,3885						L33	2		
SCO4635	0,73	1,05	0,66	0,41	0,57	0,072									
SCO4636	0,82	0,88	0,65	0,47	0,65	0,1418									
SCO4640	1,43	1,07	0,48	0,84	0,85	0,432									
SCO4642	1,4	0,83	0,37	0,81	0,77	0,1191									
SCO4646	0,32	0,56	0,86	0,36	0,45	0,0051									
SCO4648	0,75	1,06	0,57	0,38	0,55	0,0745									
SCO4649	0,65	0,98	0,55	0,41	0,63	0,0723									
SCO4652	0,65	0,92	0,81	0,48	0,97	0,4591									
SCO4660	1,03	1,43	0,52	0,45	0,71	0,2897									
SCO4662	0,67	0,97	0,67	0,41	0,72	0,1416									
SCO4672	0,5	0,62	0,8	0,67	0,69	0,1357									
SCO4677	0,33	0,46	0,64	0,27	0,51	0,0014									
SCO4678	0,49	0,45	0,71	0,33	0,42	0,0085									
SCO4679	0,39	0,51	0,48	0,29	0,29	0									
SCO4683	0,48	0,59	1,03	0,64	0,68	0,2101									
SCO4684	0,47	1,23	0,78	0,52	0,53	0,0723									
SCO4687	0,37	0,49	0,67	0,37	0,38	0,0016									
SCO4701	0,47	0,66	0,57	0,31	0,48	0,0036									
SCO4702	0,82	0,98	0,58	0,36	0,64	0,0794									
SCO4704	0,82	1,21	0,85	0,46	0,79	0,5726									
SCO4706	0,57	0,68	0,44	0,35	0,5	0,003									
SCO4707	0,74	1,11	0,47	0,38	0,61	0,0534									
SCO4709	0,69	1,02	0,66	0,4	0,75	0,1627									
SCO4711	0,84	1,19	0,64	0,4	0,71	0,2302									
SCO4712	0,53	0,74	0,68	0,34	0,63	0,0212									
SCO4713	0,78	1,04	0,75	0,43	0,79	0,3282									
SCO4714	0,76	0,97	0,63	0,41	0,8	0,1974						type	Z		
SCO4715	0,77	1,01	0,9	0,48	0,87	0,6632									
SCO4716	0,73	0,98	0,63	0,43	0,69	0,1663									
SCO4717	0,74	0,91	0,76	0,48	0,85	0,4317									
SCO4718	0,73	1,02	0,6	0,42	0,75	0,1871									
SCO4720	0,64	0,96	0,75	0,47	0,8	0,2823									
SCO4721	0,57	0,89	0,64	0,4	0,72	0,0842									
SCO4725	0,92	1,07	0,63	0,42	0,71	0,2135									
SCO4727	1,05	1,26	0,52	0,48	0,84	0,2907									
SCO4730	0,89	1,36	0,55	0,48	0,88	0,4653									
SCO4734	0,8	1,03	0,56	0,43	0,54	0,0645									
SCO4759	1,13	1,7	0,84	2,15	2,05	0,0159						protein)			
SCO4761	0,65	0,63	0,48	0,34	0,49	0,0028						(HSP58)			
SCO4762	0,45	0,51	0,59	0,45	0,5	0,0045									
SCO4768	0,43	0,77	0,68	0,54	0,91	0,0995									
SCO4779	1,01	2,09	0,87	1,11	1,45	0,1066									
SCO4789	0,48	0,73	0,43	0,49	0,52	0,0077									
SCO4793	0,37	0,49	0,91	0,3	0,36	0,0085									
SCO4822	0,46	0,91	0,63	1,04	0,98	0,6163									
SCO4858	0,62	0,89	0,44	0,58	0,72	0,0766									
SCO4883	0,47	0,79	0,65	0,51	0,52	0,0417									
SCO4895	0,47	0,73	0,89	0,95	0,73	0,4146									
SCO4908	0,87	3,05	0,81	1,6	2,57	0,0018									
SCO4920	0,47	0,88	0,83	0,54	0,72	0,2337						MsrA			
SCO4956	0,54	0,52	0,66	0,36	0,33	0,006									
SCO4967	0,51	0,69	0,73	0,48	0,4	0,031									
SCO4983	0,36	0,76	0,87	0,64	0,66	0,1349									
SCO5000	2,11	1,3	1,13	1,31	1,8	0,0403									
SCO5007	0,37	0,56	0,97	0,91	0,97	0,1778									
SCO5028	1,31	1,52	1,1	2,46	3,3	0,0017									
SCO5029	0,67	1	0,56	0,31	0,47	0,0192									
SCO5032	1,7	2,27	0,51	1,07	1,02	0,1761									
SCO5060	0,48	0,81	1,43	1,37	1,26	1,1995									
SCO5071	1,28	0,57	1,86	0,53	0,34	0,0895									
SCO5074	1,56	0,79	1,22	0,37	0,2	0,0542									
SCO5075	1,91	1,14	1,04	0,47	0,26	0,2395									
SCO5078	1,3	0,91	1,08	0,51	0,3	0,2959									
SCO5079	1,37	0,79	1,25	0,63	0,37	0,5422									
SCO5080	1,47	1,1	1,1	0,79	0,42	0,9473									
SCO5081	2,07	1,14	1,08	0,54	0,34	0,5452									
SCO5083	3,83	1,92	1,32	0,99	1,26	0,0073									
SCO5084	5,06	1,93	1,35	0,97	1,5	0,0006						protein			
SCO5085	2,27	1,46	1,72	0,55	0,45	0,1122						1,3,1,‐)			
SCO5086	1,16	0,87	1,43	0,64	0,44	0,3573									
SCO5088	0,88	0,67	0,97	0,74	0,36	0,187									
SCO5089	2,12	0,73	1,61	0,3	0,14	0,0192									
SCO5090	0,89	1,02	0,87	0,69	0,45	0,534									
SCO5091	1,3	0,93	1,19	0,77	0,5	1,0974						1,‐,‐,‐)	(actI	ORF6)	
SCO5092	1,52	1,11	0,98	0,7	0,45	0,8615									
SCO5117	0,97	1,59	1	1,98	2,14	0,0192									
SCO5123	0,29	0,72	0,44	0,63	1,07	0,0108									
SCO5135	0,35	0,61	0,64	0,42	0,57	0,0085									
SCO5137	0,48	0,59	0,94	0,63	0,65	0,1448									
SCO5145	0,36	0,92	0,61	0,66	0,4	0,0157									
SCO5169	0,36	0,67	1,13	1,07	0,57	0,2905									
SCO5170	0,42	0,66	0,88	0,59	0,73	0,1492									
SCO5172	0,54	0,54	0,86	0,46	0,52	0,0497									
SCO5175	0,92	0,85	0,82	0,42	0,56	0,2426									
SCO5177	0,97	0,97	0,73	0,43	0,52	0,2194									
SCO5178	0,47	0,63	0,74	0,32	0,37	0,0086									
SCO5187	0,67	0,81	0,85	0,51	0,49	0,1035									
SCO5190	0,73	1,42	0,58	1,06	2,24	0,0453									
SCO5191	0,78	1,81	0,66	0,98	2,58	0,0213									
SCO5206	0,49	0,73	0,72	0,48	0,46	0,0244						factor	SigR		
SCO5216	0,65	0,83	0,7	0,5	0,55	0,1211						of	SigR)		
SCO5217	0,54	0,56	0,74	0,45	0,51	0,0259						4)			
SCO5221	0,43	0,75	0,75	0,75	0,66	0,1853									
SCO5227	0,44	0,78	1,81	0,72	1,33	0,5903									
SCO5230	0,49	0,58	0,62	0,3	0,39	0,0027									
SCO5240	0,73	0,82	0,57	0,35	0,56	0,0133									
SCO5245	0,54	0,72	0,49	0,55	0,46	0,0109									
SCO5249	1,45	1,62	0,76	1,77	2,21	0,0046									
SCO5250	1,11	1,22	0,98	1,79	2,04	0,0469									
SCO5257	0,85	0,75	0,97	0,44	0,34	0,1476									
SCO5268	1,38	1,05	1,31	1,75	2,44	0,0606									
SCO5269	0,9	1,16	0,98	2,02	2,28	0,0873									
SCO5281	0,54	0,84	0,62	0,53	0,49	0,0611									
SCO5286	1,24	1,19	1,16	1,66	2,05	0,1351									
SCO5303	1,21	1,59	1,47	2,5	3,41	0,0008						VII)			
SCO5314	1,08	2,36	1,32	2,98	4,75	0						VI)			
SCO5315	1,73	3,46	0,91	4,1	6,48	0						(WhiE	ORF	III)	
SCO5318	1,09	1,77	1,21	2,24	2,46	0,0009						locus	(WhiE	ORF	II)
SCO5319	1,21	2,57	1,11	2,43	2,86	0,0005						locus	(WhiE	ORF	I)
SCO5320	0,79	1,27	1,43	1,89	2,13	0,0521						VIII)			
SCO5321	1,07	1,56	1,33	2,09	2,33	0,0095									
SCO5329	0,56	0,6	0,59	0,37	0,3	0,0035									
SCO5351	0,35	0,52	0,9	0,49	0,61	0,0209									
SCO5359	0,6	0,97	0,52	0,47	0,49	0,0251									
SCO5374	0,5	0,98	0,76	0,66	0,78	0,4592									
SCO5389	0,64	1,52	0,45	0,55	0,7	0,2032									
SCO5390	0,49	0,71	0,92	0,6	0,62	0,2026									
SCO5396	0,48	0,75	0,6	0,54	0,66	0,0731									
SCO5405	0,59	0,82	0,55	0,56	0,5	0,0417									
SCO5409	0,41	0,73	0,78	1,06	0,99	0,4922									
SCO5439	0,98	2,1	0,77	1,27	1,1	0,0691									
SCO5461	1,07	2,18	0,73	1,78	1,7	0,0057									
SCO5464	0,55	0,59	0,7	0,48	0,39	0,0141									
SCO5484	1,96	1,84	0,37	3,03	3,55	0									
SCO5485	1,18	1,01	0,68	2,21	1,95	0,0138									
SCO5514	0,57	0,96	0,65	0,5	0,65	0,1679									
SCO5521	0,91	0,79	0,48	0,68	0,85	0,2156									
SCO5537	0,53	0,82	0,77	0,5	0,5	0,0638									
SCO5539	0,51	0,56	0,92	0,62	0,48	0,0416									
SCO5543	0,77	0,98	0,65	0,62	0,46	0,1866									
SCO5550	0,47	0,75	1,15	0,89	0,92	0,883									
SCO5556	1,16	2,65	1,2	2,29	2,26	0,0004									
SCO5571	0,68	1,09	0,69	0,48	0,65	0,2441									
SCO5578	1,31	1,56	1,14	3,19	2,75	0,001									
SCO5583	2,99	2,97	0,48	1,63	1,35	0,0012									
SCO5584	3,18	3,27	0,52	1,51	1,15	0,0008									
SCO5585	1,8	2,13	0,74	1,29	1,05	0,054									
SCO5590	0,47	0,72	0,89	0,38	0,6	0,0745									
SCO5601	0,94	0,49	1,19	0,76	0,92	0,538									
SCO5605	0,29	0,66	0,73	0,52	0,5	0,0109									
SCO5609	0,3	0,68	0,45	1,74	1,23	0,0327									
SCO5611	0,8	0,56	0,42	0,69	0,51	0,0125									
SCO5614	2,07	1,62	1,13	0,88	1,32	0,1348									
SCO5630	0,6	0,53	0,8	0,43	0,61	0,0327									
SCO5640	2,07	0,52	0,75	0,67	0,66	0,9216									
SCO5642	0,73	0,72	0,83	0,48	0,45	0,0585									
SCO5650	0,74	0,86	0,57	0,48	0,66	0,0784									
SCO5652	1,26	1,64	1,12	1,42	2,15	0,0482									
SCO5653	1,25	1,59	1,09	2	1,84	0,0128									
SCO5654	1,21	1,62	1,26	2,15	2,07	0,005									
SCO5672	1,3	2,69	1,26	3,44	4,18	0									
SCO5724	0,39	0,68	0,63	0,34	0,36	0,0066									
SCO5725	0,44	0,78	0,6	0,3	0,29	0,0031									
SCO5729	0,59	0,69	0,61	0,43	0,39	0,0135									
SCO5741	0,46	0,87	1,13	1,15	1,3	1,129									
SCO5758	0,49	0,79	0,83	0,8	0,95	0,4542									
SCO5771	0,39	0,32	1,12	0,25	0,3	0,0087									
SCO5772	0,32	0,36	0,84	0,32	0,34	0,0034									
SCO5777	0,68	2,61	1,04	1,46	1,77	0,0117									
SCO5790	1,04	1,42	1,77	1,75	1,78	0,0073									
SCO5809	0,49	0,76	0,86	0,89	0,83	0,5532									
SCO5864	0,3	0,44	0,66	0,41	0,68	0,0035									
SCO5877	0,75	0,5	0,83	0,4	0,3	0,0136									
SCO5880	1,03	0,71	0,94	0,47	0,44	0,0806									
SCO5885	1,02	0,6	0,88	0,74	0,31	0,1379									
SCO5887	0,37	0,46	0,93	1,03	0,99	0,0765									
SCO5889	1,22	0,43	0,73	0,44	0,28	0,0106									
SCO5895	1,13	0,68	0,76	0,57	0,48	0,1493									
SCO5898	0,71	0,82	0,84	0,51	0,46	0,1665									
SCO5907	1,16	1,54	2,34	4,23	6,33	0									
SCO5918	1,86	2,89	1,51	1,98	2,57	0									
SCO5919	2,84	2,87	1,25	1,39	1,8	0,0006									
SCO5920	1,89	3,44	1,14	1,18	1,58	0,0014									
SCO5921	0,58	1,24	0,66	0,49	0,66	0,1002									
SCO5936	2,22	1,27	0,95	0,99	0,97	0,4964									
SCO5955	0,49	0,93	1,08	1,19	1,02	1,2158									
SCO5957	1,12	0,91	1,05	2,4	2	0,0824									
SCO5961	0,59	0,5	0,78	0,94	0,88	0,1962									
SCO5987	1,14	2,7	1,07	1,59	2,61	0,001									
SCO5989	1,75	2,01	1,05	1,86	2,28	0,0058									
SCO5990	2,6	3,69	1,21	2,83	4,21	0									
SCO5995	0,48	0,64	0,83	0,77	0,81	0,3571									
SCO6000	0,39	0,75	0,64	0,65	0,74	0,0789									
SCO6001	0,48	0,83	0,82	0,95	0,69	0,5177						protein			
SCO6010	1,19	2,06	0,89	1,76	1,76	0,1038									
SCO6014	0,91	1,49	0,93	2,55	2,55	0,0092									
SCO6029	1,6	2,12	0,92	2,61	3,82	0,0003									
SCO6045	0,93	1,2	1,2	2,2	2,66	0,0112									
SCO6053	0,87	1,17	1,11	2,05	1,74	0,153									
SCO6061	0,48	0,68	0,66	0,46	0,42	0,0125									
SCO6067	0,38	1,4	0,64	1,73	0,86	0,543									
SCO6079	0,43	0,71	0,89	0,6	0,75	0,1825									
SCO6102	0,54	0,44	0,67	0,57	0,56	0,0199									
SCO6124	0,99	3,01	0,67	1,38	1,4	0,0335									
SCO6126	0,78	2	0,84	1,39	1,36	0,5584						RsgA			
SCO6149	1,13	1,49	0,87	1,33	2,12	0,0348									
SCO6158	0,44	0,84	1,62	1,2	1,21	1,1132									
SCO6162	0,64	0,72	0,86	0,45	0,46	0,0867									
SCO6164	0,26	0,23	1,25	0,17	0,17	0									
SCO6165	0,53	0,41	1,04	0,38	0,34	0,0168									
SCO6166	0,6	0,71	1,04	0,61	0,49	0,2028									
SCO6197	0,37	0,41	0,63	0,21	0,22	0									
SCO6202	1,33	1,22	1,17	2,12	2,57	0,0299									
SCO6207	0,44	0,87	1,19	1,39	0,78	0,8833									
SCO6241	3,57	1,27	2	1,36	1,27	0,005									
SCO6265	0,68	1,23	0,71	0,38	0,45	0,0719									
SCO6276	0,53	0,58	0,57	0,32	0,58	0,0107									
SCO6277	0,74	1,03	0,79	0,47	0,96	0,6336									
SCO6279	0,54	0,7	1,58	0,5	0,95	0,2825									
SCO6282	0,26	0,4	0,85	0,23	0,57	0,003									
SCO6283	0,65	0,78	1,19	0,47	0,78	0,3852									
SCO6318	1	1	0,98	1,83	2,06	0,1297									
SCO6323	0,6	0,58	0,73	0,5	0,45	0,0344									
SCO6324	1,35	2,41	0,99	2,64	3,24	0									
SCO6332	0,87	0,75	1,58	3,85	2,07	0,0007									
SCO6373	1,02	1,28	0,9	2,05	1,64	0,2021									
SCO6377	1,48	1,99	0,94	2,43	1,88	0,0072									
SCO6388	2,13	0,94	0,75	1,37	1,21	0,5151									
SCO6389	0,79	0,95	1,17	1,99	2,12	0,0597									
SCO6429	0,66	0,51	0,82	0,41	0,34	0,0197									
SCO6433	1,27	0,71	0,73	0,27	0,25	0,0108									
SCO6434	1,15	0,69	0,75	0,48	0,46	0,143									
SCO6451	0,79	0,49	1,12	0,7	0,61	0,2952									
SCO6452	0,83	0,57	0,92	0,48	0,51	0,1249									
SCO6516	1,03	1,16	1,76	2,43	2,14	0,0096						NarJ			
SCO6533	0,49	0,89	0,94	1,23	0,94	1,1397									
SCO6543	1,29	1,34	0,98	1,68	2,28	0,0431									
SCO6549	0,35	0,37	0,89	0,32	0,31	0,0063									
SCO6624	0,34	1,16	0,52	0,42	0,63	0,0093									
SCO6631	0,47	0,8	0,63	0,47	0,45	0,0193									
SCO6650	0,46	0,9	0,43	0,45	0,55	0,0033									
SCO6655	0,51	0,95	0,47	0,47	0,56	0,0098									
SCO6660	1,03	1,15	1,31	1,85	2,29	0,0585									
SCO6661	1,12	1,23	0,82	1,72	2,34	0,1001									
SCO6662	1,17	1,4	0,92	2,33	2,82	0,0153									
SCO6663	1	1,47	1	2,46	2,77	0,0123									
SCO6682	1,33	2,94	2,06	3,4	5,99	0									
SCO6705	1,33	1,68	1,32	2,47	2,48	0,0034									
SCO6715	1,69	4,15	0,73	0,74	1,63	0,016									
SCO6716	0,63	2,11	1,32	1,24	1,48	0,0432									
SCO6727	1,34	1,73	1,2	1,5	2,7	0,009									
SCO6736	0,4	0,42	0,85	0,38	0,28	0,0076									
SCO6761	0,42	0,89	1,45	1,55	1,99	1,2241									
SCO6797	0,64	0,77	0,57	0,48	0,5	0,0372									
SCO6808	0,48	0,69	0,57	0,42	0,44	0,0083									
SCO6821	0,59	0,72	2,13	1,6	0,77	0,8419									
SCO6823	0,48	0,78	0,97	0,49	0,95	0,2338									
SCO6828	0,59	0,57	0,62	0,49	0,46	0,0078									
SCO6831	2,16	1,14	0,94	1,23	1	0,3292									
SCO6933	1	1,17	0,89	2,02	2,17	0,0453									
SCO6946	1,98	1,85	2,62	1,6	2,69	0									
SCO7008	2,31	2,08	1,12	0,97	1,08	0,0663									
SCO7029	1,68	2,14	0,71	1,67	1,47	0,0377									
SCO7067	2,01	0,92	0,81	1,51	1,14	0,5822									
SCO7071	1,07	1,44	1,32	1,83	2,1	0,0313									
SCO7072	1,29	1,84	1,37	2,13	2,15	0,0073									
SCO7106	0,18	0,35	1,35	3,1	2,49	0,0536									
SCO7122	0,75	0,43	0,94	0,87	1,14	0,4424									
SCO7133	2,27	0,72	0,99	1,17	1,33	0,2874									
SCO7153	1,28	1,72	1,15	3,27	2,97	0,0006									
SCO7154	0,5	0,99	0,75	0,56	0,68	0,2816									
SCO7178	2,03	1,21	0,49	1,53	1,07	0,4326						system	permease		
SCO7184	0,9	1,18	0,44	0,95	1,12	0,9282									
SCO7189	1,31	0,49	1,01	0,82	0,64	0,2567									
SCO7190	1,48	1,02	0,91	0,8	0,48	0,7647									
SCO7232	0,62	0,92	0,98	1,83	2,24	0,2775									
SCO7251	0,48	0,62	0,87	0,51	0,6	0,066									
SCO7277	1,44	1,31	1,06	2	2,6	0,0124									
SCO7306	0,6	1,09	0,55	0,34	0,53	0,0109									
SCO7312	0,41	0,85	1,05	1,17	1,08	1,0835									
SCO7333	1,49	1,69	1,12	2,2	2,54	0,0061									
SCO7335	1,08	1,28	0,98	1,97	2,04	0,0583									
SCO7336	2,21	2,58	0,86	3,46	3,78	0									
SCO7337	0,78	1,25	1,11	1,89	2,12	0,096									
SCO7363	1,38	1,27	1,09	2,34	2,19	0,0249									
SCO7365	1,56	2,17	1,39	2,8	3,53	0,0005									
SCO7383	1,6	2	1,2	1,74	2,56	0,0042									
SCO7385	0,49	0,9	1,16	1,08	0,95	1,1546									
SCO7392	2,83	1,33	1,03	1,25	1,41	0,0825									
SCO7426	1,71	2,31	1,49	1,48	2,55	0,0006									
SCO7427	0,39	0,7	1,56	1,51	1,46	0,8849									
SCO7434	1,49	3,9	0,87	4,41	5,82	0									
SCO7449	0,92	3,16	1,43	5,75	5,7	0									
SCO7450	1,25	1,42	1,55	2,17	2,45	0,0033									
SCO7451	0,81	1,59	1,13	1,96	2,31	0,0434									
SCO7452	1,15	3,68	0,93	3,42	4,59	0									
SCO7453	2,44	6,65	1,41	5,91	8,96	0						PaaA			
SCO7471	1,87	2,23	0,67	1,37	1,58	0,0156						PaaB			
SCO7472	2,56	2,45	0,9	1,62	1,91	0,0052									
SCO7476	1,42	1,22	1,44	1,83	2,01	0,0261									
SCO7481	0,43	0,85	0,75	0,5	0,44	0,0327									
SCO7514	0,83	0,86	1,51	1,83	2,2	0,061									
SCO7524	0,42	1,5	1,36	1,62	2,08	1,2143									
SCO7528	0,96	0,61	2,03	1,5	1,73	0,1307									
SCO7536	0,71	0,47	0,76	0,43	0,35	0,0051									
SCO7555	2,09	1,36	1,09	1,27	1,39	0,1978									
SCO7598	1,75	1,4	1,4	1,35	2,1	0,0098									
SCO7613	1,08	2	1,35	1,57	1,78	0,0124									
SCO7657	0,92	0,93	0,82	0,62	0,47	0,3515									
SCO7658	0,66	0,74	0,63	0,47	0,44	0,0306									
SCO7660	1,15	1,38	1,48	1,99	2,15	0,0236									
SCO7668	0,45	0,85	1,04	0,99	0,93	1,0071									
SCO7673	1,35	1,81	1,28	2,35	2,95	0,0009									
SCO7676	0,21	0,11	2,16	0,16	0,48	0									
SCO7677	0,19	0,2	1,22	0,23	0,25	0,0006						protein			
SCO7678	0,23	0,28	1,12	0,42	0,46	0,0029						protein			
SCO7679	0,42	0,5	0,93	0,5	0,53	0,0418									
SCO7681	0,51	0,49	1,1	0,49	0,45	0,0562									
SCO7682	0,38	0,42	0,96	0,37	0,37	0,0136									
SCO7683	0,31	0,26	0,96	0,26	0,25	0,0016									
SCO7684	0,36	0,39	1,13	0,28	0,32	0,0107									
SCO7685	0,36	0,45	0,94	0,42	0,39	0,0118									
SCO7686	0,38	0,35	0,92	0,35	0,33	0,0087									
SCO7687	0,29	0,31	0,92	0,29	0,27	0,0015									
SCO7688	0,38	0,22	1,06	0,19	0,18	0,0008									
SCO7689	0,44	0,43	0,96	0,33	0,36	0,0162									
SCO7690	0,43	0,48	0,96	0,49	0,46	0,0258									
SCO7691	0,37	0,4	1,09	0,41	0,4	0,0188									
SCO7692	0,68	0,49	1,04	0,46	0,43	0,0759									
SCO7696	0,48	0,42	0,8	1,2	1,32	0,1168									
SCO7752	0,49	0,51	2	1,48	1,63	0,6721									
SCO7755	0,66	0,48	0,71	0,28	0,41	0,0044									
SCO7776	2,6	0,98	1,2	1,38	1,37	0,1349									
SCO7788	1,84	2,16	1,17	1,4	2,23	0,0033									
SCO7793	2,15	1,34	1,47	1,33	1,09	0,0875									
SCO7799	1,67	0,97	1,19	1,5	2,14	0,0708									
SCO7800	1,55	1,32	2,77	1,08	1,14	0,0448									
SCO7804	0,74	1,38	1,66	1,87	2,79	0,0089									
SCO7807	2,31	1,53	0,75	1,34	1,49	0,0814									
SCO7807	2,31	1,53	0,75	1,34	1,49	0,0814									
