ID	log2_fc_18h	log2_fc_24h	log2_fc_48h	FDR
WP_071892363.1	-1,179803036	-0,81623707	-0,914912887	0
WP_145953680.1	-0,651095119	-0,528279743	-0,295139776	0
WP_041661885.1	-1,01761718	-0,66696734	-0,563826858	0
WP_015031217.1	-1,063589438	-0,713734499	-0,719495499	0
WP_106433662.1	-0,583320353	-0,542757251	-0,42245379	0
WP_015031220.1	-0,677467745	-0,624980624	-0,738276032	0
WP_015031223.1	0,6248557	0,258032847	0,267622133	0
WP_041661890.1	-0,340087633	-0,667029688	-0,35035732	0
WP_106433791.1	-0,55993131	-0,743906266	-0,420492874	0
WP_015031228.1	-1,291589879	-1,508803028	-1,090473761	0
WP_015031231.1	-0,331412796	-0,65487324	-0,296615903	0
WP_015031232.1	-0,434602041	-0,699183259	-0,442765367	0
WP_015031233.1	-0,629742185	-0,74718881	-0,402069857	0
WP_106433792.1	-0,261996551	-0,542519807	-0,510544348	0
WP_106433793.1	-0,493159517	-0,558818091	-0,431991556	0
WP_015031237.1	-0,451962856	-0,507309857	-0,546547423	0
WP_015031238.1	-0,090197985	-0,279393404	-0,333660454	0
WP_015031239.1	-0,444775961	-0,524950545	-0,400448588	0
WP_015031240.1	-0,618430068	-0,627277432	-0,351488758	0
WP_041661892.1	-0,487747414	-0,696881995	-0,380619151	0
WP_041663351.1	-0,606640765	-0,765229849	-0,522024843	0
WP_015031243.1	-1,058997391	-0,827847566	-0,632540517	0
WP_015031244.1	-0,537481373	-0,803880439	-0,649379402	0
WP_015031245.1	-0,44023116	-0,92848216	-0,289277857	0
WP_015031246.1	-0,537442293	-0,413325981	-0,500252077	0
WP_015031247.1	-0,372597495	-0,756585169	-0,297842149	0
WP_041661893.1	-0,118222535	-0,307548894	-0,154346288	0
WP_041663357.1	-0,466526723	-0,695266922	-0,427364738	0
WP_015031251.1	-0,279262531	-0,321347683	-0,547104657	0
WP_078508564.1	-0,578092605	-0,403003484	-0,742798529	0
WP_015031253.1	-0,697508679	-0,36008311	-0,448775942	0
WP_015031254.1	-0,432720427	-0,439415282	0,13502707	0
WP_106433794.1	-0,542380715	-0,499633393	-0,359606852	0
WP_106433795.1	-0,678014077	-0,410716686	-0,430866252	0
WP_041663363.1	-0,370566923	-0,477975694	-0,365833666	0
WP_015031258.1	-0,557117403	-0,556105027	-0,336687339	0
WP_015031259.1	-0,637744986	-0,200720804	-0,396558963	0
WP_015031260.1	0,170867317	-0,040293278	0,208507588	0
WP_015031262.1	-0,218228908	-0,292799504	-0,152778897	0
WP_015031263.1	-0,289493296	-0,488728299	-0,61337437	0
WP_015031264.1	-0,405831704	-0,669252197	-0,433802317	0
WP_041663365.1	-0,41004633	-0,434266094	-0,150148267	0
WP_015031267.1	-0,181168195	-0,499143771	-0,220011976	0
WP_015031268.1	0,702819733	0,860275619	1,324556845	0
WP_015031269.1	-0,304027264	-0,473436659	-0,093464683	0
WP_015031270.1	0,088957696	-0,56188148	-0,353919055	0
WP_015031271.1	-0,347305145	-0,771206873	-0,145571843	0
WP_015031272.1	-0,528187003	-1,152785144	-0,085038543	0
WP_015031273.1	1,721488272	1,032133701	0,370657474	0
WP_015031274.1	-0,012754581	-0,118583825	-0,105325596	0
WP_015031275.1	-0,515053242	-0,192760781	-0,53370439	0
WP_086024621.1	-0,536721516	-0,469505994	-0,311910627	0
WP_015031277.1	-0,116851426	-0,550358203	-0,587574219	0
WP_015031278.1	-0,664967569	-0,663937489	-0,418826367	0
WP_015031279.1	-0,861024616	-0,89714704	0,002092535	0
WP_051025995.1	-0,757535251	-0,742610963	0,005164914	0
WP_041661898.1	-0,573962533	-0,454913557	-0,592844482	0
WP_015031282.1	-0,657893106	-0,720327193	0,152922175	0
WP_015031283.1	-0,743449451	-0,74007271	-0,200939477	0
WP_015031284.1	-0,72120516	-0,964946767	-0,185746832	0
WP_051025997.1	-0,678400649	-0,941367021	-0,579197829	0
WP_015031286.1	-0,838922008	-1,672340278	-0,306735396	0
WP_015031287.1	-0,670740846	-0,964169781	-0,203096304	0
WP_015031288.1	-0,643855355	-0,73101418	-0,624333818	0
WP_015031289.1	-0,589187823	-0,579242716	-0,42937697	0
WP_041661901.1	-0,553279619	-0,414725641	-0,511802809	0
WP_015031291.1	-0,40949421	-0,410672279	-0,363870254	0
WP_107499038.1	-0,417890174	-0,636400869	-0,289074554	0
WP_015031294.1	-0,515329523	-0,377524199	-0,482216548	0
WP_015031295.1	-0,2944464	-0,336791987	-0,42164784	0
WP_015031296.1	-0,117481567	0,05776405	-0,405521706	0
WP_041661903.1	-0,388682277	-0,126145598	-0,563049681	0
WP_015031298.1	-0,389166798	-0,512570585	-0,324840942	0
WP_015031299.1	-0,094835847	-0,27740683	-0,122353577	0
WP_015031300.1	-0,476359977	-0,668971331	-0,355090223	0
WP_015031301.1	-0,415795474	-0,780183104	-0,398794134	0
WP_015031302.1	-0,494569585	-0,704480739	-0,450805604	0
WP_015031303.1	-0,424844858	-0,673541445	-0,342048793	0
WP_015031304.1	-0,558430325	-0,822437736	-0,25615675	0
WP_015031305.1	-0,54602445	-0,894074262	-0,159181062	0
WP_015031306.1	-0,558887355	-1,082028311	-0,278974397	0
WP_015031307.1	-0,360817111	-0,471249482	-0,465107561	0
WP_015031308.1	-0,342829991	-0,573737982	-0,65269284	0
WP_015031309.1	-0,510090575	-0,437356412	-0,372171833	0
WP_015031310.1	-0,542099732	-0,326687962	-0,087720515	0
WP_015031311.1	-0,700379017	-0,682648211	-0,240011165	0
WP_041663381.1	-0,14429938	-0,668361093	-0,181614968	0
WP_015031313.1	-0,466731384	-0,581109721	-0,224258079	0
WP_078508568.1	-0,470791513	-0,664426351	-0,316709176	0
WP_015031315.1	-0,162700245	-0,277596896	-0,325760351	0
WP_015031316.1	-0,41886774	-0,54366263	-0,587526422	0
WP_015031317.1	-0,471984601	-0,527275735	-0,299182151	0
WP_015031318.1	-0,031102412	-0,598575827	-0,370149145	0
WP_015031319.1	-0,529691336	-0,878303542	-0,377853467	0
WP_015031320.1	-0,13475926	-1,411325211	0,277696621	0
WP_015031321.1	-0,526935739	-0,868760096	-0,254304266	0
WP_015031323.1	-0,424039872	-0,599952454	-0,473380402	0
WP_015031324.1	-0,386829572	-0,563707596	-0,63351951	0
WP_051025998.1	-1,114536594	-0,673528001	-0,372257104	0
WP_015031326.1	-0,183266365	-0,164854036	-0,301627328	0
WP_015031327.1	-0,240501389	-0,515560951	-0,442327214	0
WP_015031328.1	-0,126402077	-0,597290196	-0,269486672	0
WP_015031329.1	-0,392114908	-0,54370144	-0,154543588	0
WP_015031330.1	-0,500619083	-0,656823576	-0,350772825	0
WP_086024662.1	-0,54231473	-0,597221296	-0,639954118	0
WP_015031332.1	-0,557454015	-0,604853036	-0,324682017	0
WP_015031333.1	-0,471956573	-0,60330914	-0,400787079	0
WP_015031334.1	-0,526266601	-0,551691008	-0,373920422	0
WP_041661907.1	-0,687901159	-0,515736275	-0,511450033	0
WP_041661909.1	-0,824601382	-0,450950238	-0,454554051	0
WP_015031337.1	-0,34095053	-0,689470344	-0,225635184	0
WP_041663389.1	-0,218499782	-0,498540167	-0,341676594	0
WP_041663391.1	-0,331880772	-0,482158732	-0,500717179	0
WP_041663393.1	-0,631109326	-0,712449416	0,14259027	0
WP_015031341.1	-0,453818659	-0,412085209	-0,450412367	0
WP_015031342.1	-0,637985127	-0,34196981	-0,702351624	0
WP_015031343.1	-0,314309462	-0,378214557	-0,627840094	0
WP_015031344.1	-0,319457957	-0,030033534	-0,269820083	0
WP_106433797.1	-0,409984634	-0,437976244	-0,6871164	0
WP_015031346.1	-0,329373906	-0,318149215	-0,24628944	0
WP_041661911.1	-0,177797572	-0,200634782	-0,272640266	0
WP_015031348.1	-1,280058101	-0,990940337	-0,590646069	0
WP_041661913.1	-0,570412923	-0,329524951	-0,354875652	0
WP_015031350.1	-0,46375902	-0,694439131	-0,599811394	0
WP_015031351.1	-0,621154056	-0,694674502	-0,492488793	0
WP_015031352.1	-0,414118347	-0,49218686	-0,356792412	0
WP_015031353.1	-0,438739368	-0,473745679	-0,378918952	0
WP_015031354.1	0,345004812	0,378340386	-0,014755241	0
WP_015031355.1	-0,411910612	-0,2719505	-0,079723643	0
WP_145953682.1	-0,354459776	-0,349329755	-0,585789164	0
WP_015031357.1	-0,695525938	-0,553078453	-0,386594112	0
WP_106433798.1	-0,558617881	-0,658847346	-0,213284581	0
WP_015031359.1	-0,814445332	-0,755707122	-0,590547582	0
WP_015031360.1	-0,44337869	-0,438745666	-0,507801083	0
WP_015031361.1	-0,646858112	-0,2655943	-0,390060228	0
WP_015031362.1	-0,210876885	-0,063991341	-0,489917734	0
WP_078508842.1	-0,211455814	-0,11508304	-0,512930783	0
WP_051025800.1	-0,399828164	0,106547328	-0,297776031	0
WP_041661923.1	-0,41156089	0,008936811	-0,41714809	0
WP_015031367.1	0,027250286	0,342864387	-0,36214802	0
WP_041661925.1	-0,6895368	-0,26429553	-0,619947716	0
WP_078508843.1	-0,49128861	-0,05782052	-0,480421334	0
WP_015031370.1	-0,261222881	-0,032704497	-0,470428313	0
WP_015031371.1	-0,570656395	-0,375255672	-0,485290131	0
WP_015031372.1	-0,183800254	-0,184788892	-0,450615637	0
WP_051025801.1	-0,30847288	-0,718644432	-0,428082146	0
WP_015031374.1	-0,399933342	-0,735054672	-0,110438608	0
WP_015031375.1	-0,128777872	-0,627618087	0,154582806	0
WP_015031376.1	-0,733363548	-0,684828862	-0,126740821	0
WP_041661928.1	-0,587317413	-0,430868475	-0,494141967	0
WP_015031378.1	-0,493754332	-0,698225794	-0,317538974	0
WP_015031379.1	-0,501370359	-0,608193008	-0,550420073	0
WP_106433663.1	-0,470466178	-0,203941231	-0,522210773	0
WP_015031381.1	-0,299803437	-0,212327201	-0,643359068	0
WP_041663406.1	-0,262205589	-0,385468355	-0,091585945	0
WP_071891064.1	-0,548198473	-0,283652065	-0,232022763	0
WP_078508570.1	-0,548794424	-0,201040419	-0,056478098	0
WP_015031385.1	-0,820460376	-0,684678054	-0,120865767	0
WP_015031386.1	-0,730945468	-1,083498489	0,055512462	0
WP_015031387.1	-0,659226434	-0,324551107	-0,169523468	0
WP_015031388.1	-0,227881376	-0,212926198	-0,622534202	0
WP_015031389.1	-0,454929389	0,007366702	-0,622388285	0
WP_015031390.1	-0,357653442	-0,254624006	-0,00251096	0
WP_041663410.1	-0,236777094	-0,269863476	-0,513905622	0
WP_015031392.1	-0,300293744	-0,361977426	-0,559615427	0
WP_015031393.1	-0,516080728	-0,565145565	-0,459387934	0
WP_015031394.1	-0,545025005	-0,775481511	-0,39698695	0
WP_015031395.1	-0,162184487	-0,426301833	-0,130917349	0
WP_071891067.1	-0,26933681	-0,466338673	-0,105324226	0
WP_041663413.1	-0,326183469	-0,191009654	-0,212408794	0
WP_015031398.1	-0,1369697	-0,475080271	-0,19812935	0
WP_015031399.1	0,281354782	-0,507582419	0,556150745	0
WP_051025803.1	-0,12141415	-0,268591101	-0,166684189	0
WP_015031401.1	-0,109099963	-0,106315697	-0,246785933	0
WP_145953683.1	-0,264581835	-0,254189565	-0,350253795	0
WP_041663418.1	0,060814369	-0,18599129	-0,114706329	0
WP_015031404.1	-0,28784462	-0,015632044	-0,1647343	0
WP_106433799.1	-0,324613344	-0,150206197	-0,517663574	0
WP_015031406.1	-0,317880317	-0,120106407	-0,433389442	0
WP_015031407.1	-0,337210329	-0,176922445	-0,343228317	0
WP_078508845.1	-0,003589828	-0,165665085	-0,02144045	0
WP_106433664.1	-0,377655595	-0,478457393	-0,332026227	0
WP_015031410.1	-0,577058211	-0,849062934	-0,569733366	0
WP_015031411.1	-0,285275859	-0,79639564	-0,330284745	0
WP_106433800.1	-0,392479915	-0,960220159	-0,210367574	0
WP_015031413.1	-0,928688972	-0,82238713	-0,309978078	0
WP_041661932.1	-0,358465129	-0,502101103	-0,415540633	0
WP_015031415.1	-0,1620396	-0,369783128	-0,12823438	0
WP_015031416.1	-0,519708228	-0,765177172	-0,343602602	0
WP_041661936.1	-0,011698759	-0,391427542	0,294271508	0
WP_015031418.1	0,122752939	-0,010430476	-0,099924171	0
WP_107499051.1	-0,440609847	-0,588525422	-0,369092017	0
WP_015031420.1	-0,555560989	-0,990964735	-0,344230858	0
WP_145953684.1	-0,465208361	-0,600314935	-0,337502735	0
WP_041661937.1	-0,78609827	-0,770451405	-0,674307126	0
WP_015031423.1	-0,158553047	-0,823987891	0,164542908	0
WP_015031424.1	-0,016030563	-0,658048612	-0,127209727	0
WP_041661939.1	-0,400448692	-0,543450166	0,054428867	0
WP_015031426.1	-0,565934923	-1,295745014	-0,00399754	0
WP_015031427.1	-0,799048149	-0,933748472	-0,069142882	0
WP_015031428.1	-0,688262219	-0,744409	-0,366407925	0
WP_015031429.1	-0,761978552	-0,936898288	-0,353263157	0
WP_015031430.1	-0,338705716	-0,89754852	-0,166842862	0
WP_015031431.1	-0,842209567	-0,611445743	-0,519827688	0
WP_015031432.1	-0,919345161	-1,03002863	-0,386537722	0
WP_015031433.1	-0,606974036	-1,048638855	-0,154761008	0
WP_015031434.1	-0,566689142	-0,690658119	-0,258988746	0
WP_015031435.1	-0,694968104	-0,938005548	-0,15285102	0
WP_015031436.1	-0,815087348	-0,489922163	-0,280380313	0
WP_078508575.1	-0,726368951	-0,357431295	-0,535475387	0
WP_015031438.1	-0,266558391	-0,36800923	-0,554741065	0
WP_015031439.1	0,17337769	0,09833691	-0,209114612	0
WP_015031440.1	0,022124374	-0,074023922	-0,376265116	0
WP_041661940.1	-0,528768296	-0,08897495	-0,461065441	0
WP_015031442.1	-0,401648201	-0,0258008	-0,50898424	0
WP_015031443.1	-0,322744949	-0,088320674	-0,032919157	0
WP_015031444.1	-0,326645459	-0,619965487	-0,064117263	0
WP_015031445.1	-0,390024031	-0,357875128	-0,574459916	0
WP_106433666.1	-0,419465475	-0,325881513	-0,453630793	0
WP_015031448.1	-0,38885359	-0,543353242	-0,054662651	0
WP_015031449.1	-0,575173117	-0,887356984	-0,430126524	0
WP_015031450.1	-0,366163675	-0,651799719	-0,272340521	0
WP_015031451.1	-0,359820341	-0,629637836	-0,232329417	0
WP_015031452.1	-0,191737139	-0,317872251	0,051687567	0
WP_015031453.1	-0,786983219	-0,814492468	-0,735166932	0
WP_015031454.1	-0,303972922	-0,540358428	-0,32073389	0
WP_015031455.1	-0,32938612	-0,534258726	-0,14766327	0
WP_015031456.1	-0,353634456	-0,193751459	-0,314588496	0
WP_015031457.1	-0,28629726	-0,333694874	-0,46036923	0
WP_015031458.1	-0,302733041	-0,267475359	-0,434919111	0
WP_015031459.1	-0,680294911	-0,58355695	-0,538963667	0
WP_051026001.1	-0,564150102	-0,754761882	-0,367762058	0
WP_015031461.1	-1,82595559	-1,902569871	-1,490360209	0
WP_015031462.1	-2,284824448	-2,888908351	-3,135587065	0
WP_015031463.1	-0,857685404	-0,449152398	-0,70626062	0
WP_041661946.1	-0,411695328	-0,237346443	-0,319542428	0
WP_015031465.1	-0,34895129	-0,297494531	-0,143463825	0
WP_015031466.1	-0,335423549	-0,309877792	-0,095581093	0
WP_015031467.1	-0,04364863	-0,470660431	-0,322415715	0
WP_015031468.1	-0,439480634	-0,445131387	-0,521471105	0
WP_041663443.1	-0,142242269	-0,680787328	-0,033529493	0
WP_015031472.1	-1,095766325	-0,791898559	-0,341209559	0
WP_015031473.1	0,371231193	0,258519847	0,224044876	0
WP_015031474.1	0,271761315	0,323093868	-0,087110765	0
WP_015031475.1	-0,474463293	-0,395045071	-0,485035016	0
WP_015031476.1	-1,26301042	-1,221778081	-0,549811213	0
WP_015031477.1	-0,117735254	-0,496929171	-0,193572009	0
WP_015031478.1	0,305926557	-0,216035773	-0,063084604	0
WP_071891075.1	-0,417674879	-0,361506913	-0,290532562	0
WP_015031483.1	-0,579305087	-0,654178511	-0,205830462	0
WP_015031484.1	-0,767372016	-0,888797835	0,052315936	0
WP_015031485.1	-0,643581936	-1,040615692	0,209206063	0
WP_015031486.1	-0,659276061	-0,643650018	-0,465605127	0
WP_041663445.1	-0,527638968	-0,353939301	-0,293210567	0
WP_015031488.1	-0,441023377	-0,453734534	-0,709557792	0
WP_015031489.1	-0,065618873	-0,147042183	-0,026597604	0
WP_015031490.1	-0,406897472	-0,280290099	-0,363723457	0
WP_071891078.1	-0,167642084	-0,247850948	-0,334983236	0
WP_078508577.1	0,292880618	-0,077724749	-0,132140894	0
WP_041661948.1	0,213132317	-0,292999275	-0,165188957	0
WP_015031496.1	-0,338724687	-0,832943626	-0,305035763	0
WP_086024663.1	-0,698972832	-1,217162757	-0,208212024	0
WP_015031498.1	-0,459223838	-0,767875684	-0,075260819	0
WP_015031499.1	-0,171474331	-0,163743654	-0,334338955	0
WP_015031500.1	-0,31610044	-0,274437061	-0,261480625	0
WP_015031501.1	-0,122018025	-0,176843766	-0,288429142	0
WP_015031502.1	-0,306845178	-0,496086504	-0,16373565	0
WP_015031504.1	-0,432852974	-0,481179873	-0,010910375	0
WP_041663449.1	-0,341593736	-0,481226403	-0,225436926	0
WP_015031506.1	-0,120256022	-0,39564536	-0,10858672	0
WP_015031507.1	-0,521226353	-0,786077838	-0,456577206	0
WP_015031508.1	-0,422727555	-0,673147684	-0,43808682	0
WP_015031509.1	-0,38914948	-0,707229918	-0,192875048	0
WP_015031510.1	-0,658645893	-0,834770907	-0,372477277	0
WP_015031511.1	-0,566459926	-0,801155062	-0,101928363	0
WP_015031512.1	-0,388995078	-0,546753011	-0,307646076	0
WP_015031513.1	-0,434040334	-0,402692944	-0,328563674	0
WP_015031514.1	-0,257840286	-0,21347908	-0,303726518	0
WP_015031515.1	-0,264481764	-0,379865332	-0,436534304	0
WP_015031516.1	-0,310304171	-0,540624978	-0,224915397	0
WP_041661950.1	-0,335215007	-0,515326643	-0,453353149	0
WP_015031518.1	-0,403007212	-0,8636353	-0,159217531	0
WP_015031519.1	-0,207431627	-0,511729884	-0,38358956	0
WP_015031520.1	-0,521175627	-0,51750246	-0,097781922	0
WP_015031521.1	-0,16001199	-0,246565349	-0,03627794	0
WP_041661952.1	-0,591394506	-0,526104654	-0,304934917	0
WP_015031523.1	-0,491346172	-0,604213242	-0,51220979	0
WP_015031524.1	-0,666245528	-0,347945465	-0,431383649	0
WP_015031525.1	-0,228625555	-0,268476011	-0,167751492	0
WP_015031526.1	0,064245965	0,754534871	0,229993927	0
WP_078508579.1	-0,177300879	-0,391181797	-0,145469633	0
WP_015031528.1	-0,356075334	-0,298783332	-0,240041238	0
WP_015031529.1	-0,224174528	-0,4993768	-0,273147869	0
WP_015031530.1	-0,371725163	-0,541140387	-0,551986506	0
WP_015031531.1	-0,120704859	-0,264962192	-0,336277363	0
WP_015031532.1	-0,085737802	-0,296776748	-0,311387138	0
WP_015031533.1	-0,347108318	-0,422594455	-0,335661386	0
WP_015031534.1	0,117079222	0,064126052	0,059502204	0
WP_015031535.1	-0,476603242	-0,578413729	-0,507690285	0
WP_079179219.1	-0,042086543	-0,638513714	0,136335731	0
WP_015031537.1	-0,441696095	-0,616986838	-0,14739366	0
WP_015031539.1	-0,392095273	-0,44869212	-0,143434527	0
WP_041663455.1	-0,50378225	-0,623715156	-0,14181574	0
WP_015031542.1	-0,056430414	-0,266458192	-0,18380406	0
WP_041661956.1	1,812952015	1,126887382	0,564263457	0
WP_015031544.1	0,187160281	-0,039844685	-0,201188592	0
WP_015031545.1	-0,454656598	-0,119811586	-0,484400088	0
WP_015031546.1	-0,340953095	-0,336263451	0,003062918	0
WP_015031547.1	0,270456864	0,072933345	0,098131766	0
WP_015031548.1	-0,392652915	-0,424101	-0,523781006	0
WP_071891084.1	-0,708218297	-0,474538996	-0,626677841	0
WP_015031550.1	-0,695318015	-0,402327477	0,055979664	0
WP_015031551.1	-0,31195387	0,026686734	-0,162778248	0
WP_015031552.1	-0,660132176	-0,453033238	-0,512724542	0
WP_015031553.1	-0,142961319	0,062555946	-0,198193469	0
WP_015031554.1	-0,936741897	-0,548418495	-0,091812432	0
WP_106433802.1	-0,066774181	-0,087472431	-0,240845518	0
WP_078508581.1	0,366572513	0,113529182	-0,091723041	0
WP_041661958.1	0,379133123	0,250230604	-0,389188982	0
WP_015031558.1	-0,025278495	6,91087E-06	-0,339099579	0
WP_015031559.1	-0,038961529	-0,311993118	-0,284457481	0
WP_015031560.1	-0,252442226	-0,215117	-0,410901828	0
WP_015031561.1	-0,117322725	-0,153788883	-0,323683995	0
WP_015031562.1	-0,20067801	-0,49220952	-0,271228066	0
WP_015031563.1	-0,124032686	-0,085044745	-0,224711257	0
WP_015031564.1	-0,1923948	-0,187144466	-0,463248302	0
WP_015031565.1	-0,332352795	-0,183763306	-0,504732727	0
WP_015031566.1	-0,268289168	-0,089918073	-0,261995988	0
WP_071892371.1	-0,368192878	-0,273730417	-0,348399478	0
WP_041663468.1	0,434341096	0,113948599	0,046839558	0
WP_041661960.1	-0,429596795	-0,304946145	-0,469737666	0
WP_086024664.1	-0,374289941	-0,313488224	-0,310486572	0
WP_015031571.1	-0,785535826	-0,786477408	-0,536139721	0
WP_015031572.1	-0,423437101	-0,581165029	-0,618315584	0
WP_051025809.1	-0,075985005	-0,357565828	-0,14472789	0
WP_015031574.1	0,184980071	-0,191862946	-0,118638286	0
WP_015031575.1	-0,235449508	-0,344325085	-0,287549533	0
WP_015031576.1	1,318562299	1,146435518	1,137681718	0
WP_015031577.1	-0,111551032	-0,385584127	-0,32082236	0
WP_106433668.1	-0,194793524	-0,317109545	-0,371011777	0
WP_015031579.1	-0,499945492	-0,288807559	-1,146973595	0
WP_106433803.1	-0,4195354	-0,237862619	-0,55139606	0
WP_015031582.1	-0,484004603	-0,402755252	-0,251584874	0
WP_015031583.1	-0,589200609	-0,44569853	-0,560565127	0
WP_015031584.1	-0,415976884	-0,325220837	-0,325036605	0
WP_015031585.1	-0,479398316	-0,463060322	-0,206515049	0
WP_078508583.1	-0,51165647	-0,212745688	-0,107356405	0
WP_015031587.1	0,655500131	0,124428431	-0,104313168	0
WP_015031588.1	-0,034848964	-0,079725281	-0,336835539	0
WP_015031589.1	-0,367216517	0,232291202	-0,482119392	0
WP_041661961.1	-0,717272596	-0,235346518	-0,235506352	0
WP_015031591.1	-0,549429726	-0,367936349	0,077535885	0
WP_015031592.1	-0,77545522	-0,275100778	0,270453156	0
WP_015031593.1	-0,53496223	-0,357912498	-0,263575594	0
WP_015031594.1	-0,704312269	-0,287833311	-0,526939455	0
WP_015031595.1	-1,036124398	-0,072887523	-0,42351208	0
WP_015031596.1	-0,794306728	-0,330292772	-0,441652612	0
WP_015031597.1	0,284641668	0,181480896	-0,017993838	0
WP_015031599.1	-0,548672214	-0,37443408	-0,164436082	0
WP_015031600.1	-0,552986931	-0,232254072	0,286852534	0
WP_051026004.1	-0,526535053	-0,798932012	-0,033858168	0
WP_041663480.1	-0,567547199	-0,567471274	-0,745109581	0
WP_041661963.1	-0,614541498	-0,416972722	-0,20633061	0
WP_015031604.1	-0,426239168	-0,431393495	-0,243011556	0
WP_041661965.1	-0,585396148	-0,426100725	-0,202829712	0
WP_015031606.1	-0,45236342	-0,532519778	-0,176731672	0
WP_015031607.1	-0,740918544	-0,828566645	-0,20169988	0
WP_041661967.1	-0,349686914	-0,247131892	-0,165341036	0
WP_041661969.1	-0,259170882	-0,266981109	-0,222867934	0
WP_041663482.1	-0,141534212	-0,266519702	-0,193090865	0
WP_015031611.1	-0,116150742	-0,412242035	-0,336130893	0
WP_015031612.1	0,535483099	0,101705271	0,256507121	0
WP_015031613.1	0,188822696	-0,276982353	-0,37492722	0
WP_015031614.1	0,24043846	-0,171888358	0,080904622	0
WP_015031615.1	-0,209080126	-0,256773642	-0,01791599	0
WP_015031616.1	-0,026429648	-0,230854166	-0,062086568	0
WP_106433804.1	-0,131224322	-0,275098692	-0,107056176	0
WP_015031618.1	0,133503057	-0,001334395	0,112576842	0
WP_015031619.1	-0,272174539	-0,529776045	-0,275828273	0
WP_015031620.1	-0,269496863	-0,478153188	-0,221166883	0
WP_015031621.1	-0,656683734	-1,163501537	-0,160954931	0
WP_015031622.1	-0,379526363	-0,643826278	0,04746731	0
WP_015031623.1	-0,334480325	-0,231425192	-0,074739912	0
WP_015031624.1	-0,266571273	-0,164673571	-0,197385946	0
WP_015031625.1	-0,060945847	-0,379722797	0,04004259	0
WP_041661972.1	-0,367979067	-0,403001093	0,024434467	0
WP_015031627.1	-0,152969999	-0,059780165	-0,0767	0
WP_015031628.1	-0,14818334	-0,556448802	0,165595159	0
WP_041663485.1	-0,346614581	-0,981380825	-0,105443489	0
WP_015031630.1	-0,450287016	-0,694730197	-0,366579069	0
WP_071891090.1	-0,209622533	-0,398099201	-0,143979676	0
WP_015031632.1	-0,296887808	-0,615873108	-0,350029738	0
WP_015031633.1	-0,281115181	-0,475265807	-0,346367201	0
WP_015031634.1	-0,217004104	-0,469673227	-0,564072415	0
WP_015031635.1	-0,102376538	-0,435057926	0,085031781	0
WP_015031636.1	-0,145124213	-0,111686791	-0,380323263	0
WP_015031637.1	0,528056267	0,322825205	0,053021704	0
WP_015031638.1	1,192583228	0,950176365	0,532392132	0
WP_015031640.1	-0,283515131	-0,244501129	-0,350108447	0
WP_041661974.1	-0,783699732	-0,73398028	-0,81565174	0
WP_015031642.1	-0,225687552	-0,6696336	-0,430387575	0
WP_015031643.1	-0,492268106	-0,993637486	-0,026095362	0
WP_015031644.1	-0,409941831	-0,727128368	-0,299334876	0
WP_015031645.1	-0,34151972	-0,672478946	-0,149977992	0
WP_106433669.1	-0,452073174	-0,449098232	-0,409040362	0
WP_015031648.1	-0,094437547	-0,128453002	0,078548262	0
WP_145953685.1	-0,176833453	-0,185402533	-0,306012007	0
WP_015031650.1	-0,180025621	-0,143455309	-0,439378779	0
WP_015031651.1	-0,20084793	-0,113638521	-0,334082485	0
WP_015031652.1	-0,260986147	-0,123430933	-0,462167021	0
WP_015031654.1	-0,265000979	-0,282680679	-0,335055543	0
WP_015031655.1	-0,311444519	-0,28734767	-0,325752683	0
WP_041663497.1	-0,219786882	-0,459733315	-0,106306941	0
WP_106433670.1	-0,710706939	-0,833394929	-0,127437149	0
WP_015031659.1	0,096307121	-0,089305932	-0,168939001	0
WP_015031660.1	0,678623475	0,325984355	0,416391908	0
WP_015031661.1	-0,15962044	-0,205678167	0,127432215	0
WP_078508585.1	0,250830649	0,067959255	-0,114209782	0
WP_041661977.1	-0,083646242	-0,214550472	-0,300850408	0
WP_015031664.1	-0,180157232	-0,512994131	-0,334933602	0
WP_041661978.1	-0,566681569	-0,698851932	-0,615214632	0
WP_041661980.1	-0,470052736	-0,503405079	-0,41451169	0
WP_015031667.1	-0,869398057	-0,674849132	-0,819080122	0
WP_015031668.1	-0,325552541	-0,224028173	-0,25545431	0
WP_106433805.1	-0,334481227	-0,197926035	-0,318655656	0
WP_015031670.1	0,046618901	-0,114405954	-0,156985317	0
WP_015031671.1	-0,429843493	-0,472614042	-0,301059163	0
WP_015031672.1	-0,330638668	-0,760994824	0,220338361	0
WP_015031673.1	-0,37538176	-0,610255616	-0,25720228	0
WP_015031674.1	-0,2263351	-0,437328273	-0,28342371	0
WP_041661982.1	-0,483990351	-0,3471026	-0,153044355	0
WP_015031676.1	-0,216489571	-0,404305751	-0,178757187	0
WP_015031677.1	-0,00454681	-0,191652622	-0,035912243	0
WP_015031678.1	-0,482760818	-0,2459975	-0,484619461	0
WP_015031679.1	-0,249371358	-0,358473001	-0,0089115	0
WP_069202157.1	-0,375705881	-0,527822392	-0,040439261	0
WP_015031681.1	-0,839643032	-0,866386259	-0,546503133	0
WP_069202193.1	0,292671123	-0,12385917	0,091744572	0
WP_015031683.1	0,325581327	-0,011176423	0,194753006	0
WP_106433806.1	-0,376379467	-0,462986323	-0,331736032	0
WP_015031685.1	-0,371141071	-0,747947301	-0,130139012	0
WP_015031686.1	-0,360321443	-0,560772198	-0,262961426	0
WP_015031687.1	0,111674378	0,00562619	-0,244550378	0
WP_079179220.1	-0,244811178	-0,432924495	-0,164807984	0
WP_015031689.1	-0,358552231	-0,542878561	-0,315991003	0
WP_015031690.1	-0,13797888	-0,278540099	-0,349297623	0
WP_015031691.1	-0,151804417	-0,307322916	-0,200575759	0
WP_015031692.1	-0,183162072	-0,406907289	-0,340609378	0
WP_015031693.1	-0,690003522	-0,593509373	-0,497671666	0
WP_106433807.1	-0,429885654	-0,460041665	-0,549474297	0
WP_015031695.1	-0,369028485	-0,557277273	-0,345952341	0
WP_015031696.1	-0,446683723	-0,255667534	-0,542336078	0
WP_051025816.1	-0,44895455	-0,475789413	-0,308634025	0
WP_015031698.1	-0,292868233	-0,34460368	-0,34195052	0
WP_015031699.1	-0,352264231	-0,4748937	-0,226292125	0
WP_015031700.1	-0,171590299	-0,456489024	-0,18188604	0
WP_106433808.1	-0,347947369	-0,274190886	-0,424648927	0
WP_041663513.1	-0,19240914	-0,351482437	-0,260028653	0
WP_015031703.1	-0,367998847	-0,570234738	-0,256221192	0
WP_015031706.1	-0,281793048	-0,552040623	-0,376887772	0
WP_106433809.1	-0,460534279	-0,520382343	-0,427483517	0
WP_015031708.1	-1,047854694	-0,801580534	-0,623306322	0
WP_015031709.1	-0,273760474	-0,657325893	-0,089127367	0
WP_015031710.1	-0,713128775	-0,750737159	-0,294058979	0
WP_015031711.1	-0,448579978	-0,320150371	-0,119003264	0
WP_015031712.1	-0,472832055	-0,489714805	-0,409431123	0
WP_015031713.1	-0,29867586	-0,416721552	0,064665001	0
WP_015031714.1	-0,212480105	-0,562667694	-0,277961859	0
WP_015031715.1	0,099701787	0,007592368	-0,075417478	0
WP_015031716.1	-0,323770535	-0,105463146	-0,321148127	0
WP_015031717.1	-0,251254432	-0,347351011	-0,475213256	0
WP_015031718.1	-0,293292683	-0,480198732	-0,207719629	0
WP_015031719.1	-0,507642631	-0,520343132	-0,052170261	0
WP_015031720.1	-0,445661665	-0,64307096	-0,299581471	0
WP_145953686.1	-0,620149948	-0,522983039	-0,577209965	0
WP_015031723.1	-0,517866221	-0,464698084	-0,137553725	0
	-0,800585315	-0,264953867	-0,237468523	0
	-0,660912798	-0,377178805	0,128421193	0
	-0,632450422	-0,314997641	-0,219804378	0
	-0,653147451	-0,67427283	-0,23114194	0
	-0,546679186	-0,668006666	-0,297940087	0
	-0,626879068	-0,396430289	-0,149579447	0
	-0,422478025	-0,673188262	-0,113174278	0
	-0,166710804	-0,576552205	-0,239666459	0
	-0,31731602	-0,522225898	-0,051065747	0
	-0,482195668	-0,58417999	-0,453621146	0
	0,221542704	0,117247309	-0,005853249	0
	-0,114597839	-0,094892225	-0,354964415	0
	-0,542975521	-0,42917761	-0,771393888	0
	-0,177649431	-0,323425623	-0,660506841	0
	-0,440578078	-0,30869236	-0,355017218	0
	-0,121658392	-0,455642364	-0,1689786	0
	-0,202640066	-0,786016871	0,061698806	0
	-0,072424375	-0,559934944	-0,123384991	0
	-0,198339247	-0,293958942	-0,28326461	0
	-0,311448888	-0,365230223	-0,421276379	0
	-0,190795914	-0,464092736	-0,200793044	0
	-0,142847333	-0,560458182	-0,06844163	0
	-0,331126752	-0,381679534	-0,336992848	0
	-0,36135121	-0,167046427	-0,510137001	0
	-0,128486629	-0,112804178	-0,178365862	0
	-0,239536796	-0,008916812	-0,093892072	0
	-0,594829473	-0,011773627	-0,054313195	0
	-0,092892781	-0,277007227	-0,177152357	0
	0,046931619	-0,105412197	-0,049727214	0
	-0,215026708	-0,445773898	-0,190650134	0
	-0,019780591	-0,618407894	-0,092244062	0
	-0,440054302	-0,503652515	-0,34482094	0
	-1,054471467	-1,247166233	-0,492706697	0
	-1,931492995	-2,051833131	-0,935244942	0
	-1,818653797	-2,289059186	-1,037829993	0
	-2,304600562	-3,045209658	-1,59020081	0
	-2,075750169	-2,501616259	-1,217995258	0
	-1,966196979	-1,913581789	-1,316537422	0
	-0,532070419	-0,366747171	-0,390126231	0
	-0,13396332	-0,471418442	-0,371837958	0
	-0,302273982	0,027833996	-0,389019506	0
	-0,21862269	-0,111029277	0,008958537	0
	0,010198115	0,152762125	0,1775018	0
	-0,009303575	0,251461944	0,080893172	0
	0,070542821	-0,125913752	-0,021268072	0
	-0,136544431	-0,110931657	-0,151660453	0
	-0,176086253	-0,102700749	-0,009966012	0
	-0,706151795	-0,500393563	-0,240388249	0
	-0,168566967	-0,521643719	-0,176624768	0
	-0,584684896	-0,60452134	-0,193567425	0
	-0,494690599	-0,423376324	0,024721309	0
	-0,790673073	-0,70881023	-0,213389027	0
	-0,850130658	-0,844857696	-0,144141844	0
	-0,654744924	-0,484512262	-0,179546881	0
	-0,414227109	-0,177937411	-0,418104449	0
	0,164842353	0,077937749	-0,179642195	0
	-0,253767175	-0,10132793	-0,327011848	0
	-0,347784758	-0,386392758	-0,435377964	0
	-0,188174946	-0,453737848	-0,329093893	0
	-0,342324449	-0,355211087	-0,411454834	0
	-0,307314832	-0,212169795	-0,310686963	0
	-0,437914209	-0,392251055	-0,409045686	0
	-0,698840644	-0,260043034	-0,474817628	0
	-0,194207748	-0,206539146	-0,457393996	0
	-0,341902993	-0,490666572	-0,298042342	0
	-0,55262337	-0,545434414	-0,359920234	0
	-0,489990242	-0,70872409	-0,671278412	0
	-0,641133106	-0,553540669	-0,558540749	0
	-0,606061177	-0,593990162	-0,607926892	0
	-0,926931788	-0,667283009	-0,694525352	0
	-0,913154426	-0,652496233	-0,339435566	0
	-0,012063478	-0,173091833	-0,042614786	0
	0,390733287	-0,005013076	0,257206782	0
	-0,521318809	-0,436043868	-0,249423572	0
	-0,178904483	-0,352491591	-0,198629107	0
	0,056990325	-0,291883435	-0,164518422	0
	-0,182917792	-0,410272263	0,048438019	0
	-0,227629254	-0,419236699	-0,002082828	0
	-0,191737404	-0,376058937	0,026676629	0
	-0,205674676	-0,302518531	-0,334207937	0
	-0,33359557	-0,29344346	-0,402400513	0
	-0,564029451	-0,354177394	-0,093118081	0
	-0,167978501	-0,38368644	-0,14541217	0
	-0,399260402	-0,005475913	-0,378820249	0
	-0,373028053	-0,248845221	-0,426262526	0
	-0,17448796	-0,243494231	-0,413609885	0
	-0,34788464	-0,230153901	-0,177044981	0
	-0,412380711	-0,406977238	-0,269089016	0
	-0,393836772	-0,266549245	-0,257274797	0
	-0,526061796	-0,463713401	-0,125417099	0
	-0,750371376	-0,5754167	-0,539842427	0
	-0,270224151	-0,120268006	-0,244300379	0
	-0,330325103	-0,388320565	-0,553525644	0
	-0,491961342	-0,649980965	-0,366293187	0
	-0,222261154	-0,870274323	0,025014533	0
	-0,408087764	-0,510273404	-0,596646505	0
	-0,433204005	-0,683303424	-0,442051547	0
	-0,254954865	-0,528114192	-0,115153483	0
	-0,415532814	-0,501021472	-0,41901302	0
	-0,549457705	-0,726257006	-0,287589384	0
	-1,032139502	-1,307850991	-0,571243579	0
	-1,053449708	-1,52505189	-0,290258795	0
	-0,642499434	-0,849440917	-0,259811088	0
	-0,517110907	-0,555094535	-0,348857257	0
	-0,73893543	-0,865418989	-0,154027205	0
	-0,680890655	-0,965402091	-0,18211607	0
	-0,804534242	-0,731640605	-0,245159745	0
	-0,508485872	-0,692458491	-0,119379144	0
	-0,097650409	-0,402532375	-0,032723423	0
	0,368341967	0,38282394	0,190332651	0
	0,245673181	0,229394044	0,269451391	0
	-0,230079869	-0,279327721	-0,129785976	0
	-0,327626021	-0,408748924	0,104532157	0
	-0,203275414	-0,356847394	-0,465168078	0
	-0,612884009	-0,573045839	-0,557539926	0
	-0,439624253	-0,637690037	-0,51356448	0
	-0,429070869	-0,72316241	-0,502481056	0
	-0,557974053	-0,621210277	-0,177528837	0
	-0,54516295	-0,933689304	-0,251641848	0
	-0,397377803	-0,627592753	-0,231847027	0
	-0,231460583	-0,445960638	-0,410501025	0
	-0,455318073	-0,565686524	-0,567157116	0
	-0,127652872	-0,726086061	-0,529488119	0
	-1,156050818	-0,891818033	-0,923304023	0
	-0,317865271	-0,768139668	-0,259717316	0
	-0,463798104	-0,719546574	-0,119190986	0
	-0,084745745	-0,352461748	-0,226650716	0
	-0,396820892	-0,473095659	-0,55817008	0
	-0,512969653	-0,506334293	-0,539816351	0
	-0,675497895	-0,712708461	-0,547896052	0
	-0,637238623	-0,751947271	-0,562112868	0
	-0,666135375	-1,015514639	-0,504047999	0
	-0,843667413	-1,278728963	-0,637273448	0
	-1,339127543	-1,007492711	-0,432840771	0
	-0,412367794	-0,437847402	-0,493981931	0
	-0,663499074	-0,306409724	-0,440101046	0
	-0,147974646	-0,198120103	-0,195002544	0
	-0,744312434	-0,637128211	-0,411310441	0
	-0,669727686	-0,489623632	-0,611815218	0
	-0,852018485	-0,26220574	-0,323782901	0
	-0,700917693	-0,472820784	-0,380804607	0
	-0,564977628	0,058091004	-0,346167353	0
	-0,575168541	-0,390318932	-0,459478371	0
	-0,401282948	-0,435272044	-0,295916688	0
	-0,273039416	-0,524308386	-0,216461601	0
	-0,187610157	0,018302726	-0,028192473	0
	0,077505542	-0,208081468	-0,142575501	0
	-0,028388368	-0,207833555	0,147756308	0
	0,01696377	-0,576552028	0,155291212	0
	-0,177414524	-0,777389646	0,024236678	0
	-0,018058833	-0,364435433	0,184100763	0
	0,159348735	0,000218928	0,075576606	0
	0,784108391	0,343908742	0,440531394	0
	0,092788936	-0,02443729	0,038462613	0
	-0,363800794	-0,076163846	-0,057635062	0
	-0,206793435	-0,425708528	-0,157624345	0
	-0,376588329	-0,286738423	-0,025078433	0
	-0,458754566	-0,52617814	-0,428854643	0
	-0,250881156	-0,198853441	0,002448376	0
	-1,09487252	-0,389520445	-0,543737457	0
	-0,35833878	-0,485720499	-0,146882694	0
	-0,396617348	-0,589898507	0,002377675	0
	0,128105452	-0,799497446	0,071039172	0
	-0,336835205	-0,719677969	-0,105391292	0
	-0,133897423	-0,449661877	0,049960505	0
	-0,06027165	-0,224555582	-0,197679762	0
	-0,37331823	-0,324012027	0,288414112	0
	0,013175492	-0,329056482	0,100378695	0
	-0,288616701	-0,695635815	-0,414199756	0
	0,158635678	-0,217998252	0,182120545	0
	0,521589769	0,034680371	-0,067449569	0
	-0,118766758	-0,145340843	-0,068585314	0
	-0,133217387	-0,217992853	-0,047364379	0
	-0,143072653	-0,251426277	-0,219495287	0
	-0,259487431	-0,164948844	0,111843409	0
	-0,182192205	0,122490106	0,01913632	0
	0,56306042	0,490908003	0,068224445	0
	0,160419039	0,220647967	-0,161254711	0
	0,267291268	0,124088356	-0,048012206	0
	0,006893032	-0,00852182	-0,125841968	0
	-0,090705703	-0,186136585	-0,253000356	0
	-0,406784037	-0,262502157	-0,42975821	0
	-0,667864052	-0,334719543	-0,050923882	0
	-0,288509237	-0,192871765	-0,245368243	0
	0,268567039	0,020913905	-0,283188765	0
	0,446479294	-0,051940452	0,004844794	0
	0,663391325	0,234951055	0,031971279	0
	0,862852698	0,483094107	0,226421765	0
	-0,078021168	-0,439320374	0,035629863	0
	-0,295355235	-0,548815647	-0,216343538	0
	-0,003671066	-0,189479356	-0,491550044	0
	-0,20504313	-0,215379857	-0,212458104	0
	1,005899102	0,831501639	-0,155103256	0
	1,310758362	0,858803915	-0,368966171	0
	1,092373827	0,31264079	-1,061636555	0
	0,216866956	-0,227578035	-0,120778505	0
	-0,411086555	-0,608385166	-0,485400978	0
	0,181072957	-0,313527592	-0,160217414	0
	-0,200363904	-0,349003779	-0,169963863	0
	-0,335703392	-0,665298338	-0,210208477	0
	-0,910363942	-0,850870392	-0,327176046	0
	-0,49039708	-0,710293625	-0,10722832	0
	-0,367185032	-0,695614047	0,157092504	0
	-0,286694744	-0,395601922	-0,238435782	0
	-0,076564977	-0,282058136	-0,372693635	0
	0,065253403	-0,099866808	-0,098218139	0
	-0,079373808	-0,27423737	0,056176519	0
	0,097952956	0,006330408	0,083744495	0
	-0,1153001	-0,404396953	0,046976816	0
	-0,100676374	-0,337017925	-0,272234012	0
	0,017412535	-0,01034646	-0,100618354	0
	-0,110290758	-0,135425317	-0,296488094	0
	-0,284675333	-0,348706982	-0,433695564	0
	-0,181817338	-0,368784436	-0,219320669	0
	-0,051399469	-0,298768756	-0,362356557	0
	0,037223911	-0,020389744	0,122443186	0
	-0,116877117	-0,328391431	-0,134386937	0
	0,034726453	-0,2964666	0,290033585	0
	-0,052649041	-0,076517246	-0,131498919	0
	0,045397992	-0,2722847	0,027888804	0
	-0,240439501	-0,349297469	0,130630023	0
	-0,058348388	-0,26718189	-0,300780738	0
	-0,169933404	-0,38574916	-0,374528331	0
	-0,114600713	-0,364774641	-0,206292094	0
	-0,242087265	-0,292467655	-0,346328475	0
	-0,161521261	-0,260367762	-0,173663826	0
	-0,00142786	-0,216532092	-0,320072154	0
	-0,081297116	-0,101597555	-0,249034574	0
	0,862504018	-0,145267551	0,733206853	0
	0,300236308	0,022034246	0,147862709	0
	0,575321437	0,321480271	0,447237349	0
	-0,190954519	-0,437470255	-0,241972487	0
	-0,143387413	-0,245393028	-0,063035401	0
	-0,20687278	-0,537148484	-0,167251706	0
	-0,110455712	-0,43182316	-0,251350793	0
	-0,120889838	-0,395764995	-0,180148551	0
	-0,290436881	-0,608588946	-0,142095362	0
	-0,349719351	-0,385992861	-0,299457098	0
	-0,187441134	-0,244703795	-0,282605309	0
	-0,590608285	-0,871055576	-0,166162746	0
	-0,662474405	-1,052034068	-0,066664531	0
	-0,498760952	-0,454413286	0,234986107	0
	-0,294509503	-0,356014103	0,304630897	0
	-0,316736173	-0,53900004	-0,171209545	0
	-0,339864266	-0,33624877	-0,388847402	0
	-0,119767725	-0,050174648	-0,173526942	0
	-0,061585466	-0,196066843	-0,260408884	0
	-0,331110206	-0,510212265	-0,147951862	0
	-2,121845786	-2,087223587	-0,930684024	0
	-0,394494566	-0,618821623	-0,083578689	0
	-0,098390131	-0,284261225	-0,350254989	0
	-0,468154334	-0,414544624	-0,534693556	0
	-0,529009403	-0,505817412	-0,595468736	0
	-0,508925407	-0,440352767	-0,087086305	0
	-0,095681511	0,112133703	-0,352699584	0
	0,135106402	0,190004525	-0,234976132	0
	-0,323817662	0,081283086	-0,343323963	0
	-0,151278213	-0,039552775	-0,202991769	0
	0,068020193	0,052982764	-0,242089954	0
	-0,048896062	0,002868088	-0,384794909	0
	-0,275985782	-0,137540124	0,151932288	0
	0,874365096	0,892155603	0,339113111	0
	1,221222777	0,837979071	0,273196756	0
	-0,125593072	-0,110804667	-0,00077072	0
	-0,494670051	-0,565222645	-0,338650364	0
	-0,656785695	-0,212652916	0,372515202	0
	-0,78193406	-0,612362086	0,102560199	0
	-0,667505005	-1,097845605	0,21697172	0
	-0,654598934	-0,923187468	0,084015387	0
	-0,730629011	-1,10171195	-0,058750044	0
	-0,662756157	-0,952351222	0,160204506	0
	-0,570383397	-1,134024471	0,019502525	0
	-0,864253636	-1,397194934	-0,123345035	0
	-0,776797994	-1,272383528	0,033794003	0
	-0,715950908	-1,06472464	-0,234762535	0
	-0,709247492	-0,618362269	0,024799789	0
	-0,537765673	-0,834890182	0,02225	0
	-0,659744669	-1,061665486	0,024563619	0
	-0,404820228	-0,383230349	-0,079670165	0
	-0,224260801	-0,332680494	-0,131979406	0
	0,086240865	-0,211000694	-0,03405793	0
	-0,243245562	-0,216602525	-0,266051089	0
	-0,162115006	-0,122965466	-0,318545424	0
	-0,036135071	0,04150321	-0,323041184	0
	0,884543873	0,625372452	0,07140684	0
	1,066681034	0,647481612	0,126543242	0
	0,39996981	0,108242454	-0,201127001	0
	-0,153826149	-0,14813829	-0,353315955	0
	-0,157810417	-0,243664657	0,275495447	0
	-0,26139667	-0,554039144	-0,056224706	0
	-0,495947365	-0,833436643	-0,065989379	0
	-0,285167039	-0,496296347	-0,239477963	0
	1,455166516	0,994597597	0,477459411	0
	-0,195303062	-0,638374519	-0,30209634	0
	-0,565287354	-0,810562431	0,277859737	0
	-0,219704259	-0,898981127	0,70999254	0
	-0,852620935	-0,822789734	-0,008202609	0
	-0,51213198	-0,459418442	0,260713227	0
	-1,041556131	-0,741784337	0,174319345	0
	-0,574542081	-0,561450778	-0,449074323	0
	-0,080571222	-0,434788891	-0,089884229	0
	-0,068234827	-0,456216183	-0,038763699	0
	-0,370585289	-0,545021235	0,037875267	0
	-0,400326655	-0,544466893	-0,344727392	0
	0,171708627	-0,040137443	-0,094976059	0
	-0,270727958	-0,472545015	-0,494193261	0
	-0,002823036	-0,227984732	-0,331866062	0
	0,843154412	0,261776115	0,186295014	0
	0,571009036	0,143454468	-0,191333013	0
	1,06945872	0,426064557	0,284130501	0
	0,410076014	0,396977752	-0,130381568	0
	-0,207201103	-0,191817186	-0,557631045	0
	-0,131761025	-0,085804138	-0,343732976	0
	-0,01913996	0,187896447	-0,239814117	0
	0,119977296	0,194561678	0,026378296	0
	0,48789142	0,264416887	-0,067685606	0
	0,203257424	0,188180835	-0,179077317	0
	0,244454871	0,15666899	-0,149793366	0
	-0,131150018	0,155499936	0,154591666	0
	0,12152786	-0,056922876	-0,070865654	0
	0,089031921	0,030558324	0,190482641	0
	0,182426867	0,066596133	-0,112601647	0
	0,01226872	-0,000919724	-0,073234761	0
	-0,189313562	-0,183889165	-0,085433492	0
	-0,250426772	-0,20749683	-0,409981949	0
	-0,410615717	-0,572356121	-0,480885124	0
	0,307614035	-0,463685857	0,499085869	0
	0,216734202	-0,341020218	0,278786651	0
	-2,67186361	-1,586835019	-0,321468472	0
	-1,438754924	-0,875000009	-0,242299993	0
	-0,507464304	-0,267892819	0,038256592	0
	0,353550599	0,042634324	-0,048724364	0
	-0,123892074	-0,255124432	-0,083373778	0
	0,231165153	-0,34796541	0,178220728	0
	-0,142016238	-0,46148817	-0,143529047	0
	-0,015363245	-0,163658968	-0,089957214	0
	0,008090927	-0,304557678	0,08507489	0
	0,068208091	-0,172616252	-0,222309307	0
	0,293258603	0,139636021	0,179165735	0
	0,425472215	0,148926578	0,421168471	0
	-0,207426426	-0,290279319	0,005461916	0
	-0,338844736	-0,115450752	-0,0913064	0
	-0,002521729	-0,087873567	-0,240229092	0
	-0,037288596	0,216793326	0,00845726	0
	-0,109780839	0,212086881	-0,215642436	0
	0,405970535	0,347280639	-0,294733443	0
	-0,115491034	-0,070728727	-0,267357069	0
	-0,163456958	-0,049131109	-0,077467767	0
	-0,04336228	-0,099013863	-0,043260481	0
	-0,020902846	-0,915212813	-0,329169952	0
	-0,15412032	-0,56182306	-0,066131068	0
	-0,013911188	-0,424262242	-0,158515328	0
	-0,332118357	-0,441619835	-0,151966703	0
	0,035314664	-0,192478967	-0,098925998	0
	-0,057445137	-0,352867499	-0,001282147	0
	0,032602629	-0,559377514	-0,072016419	0
	-0,182846813	-0,77586583	-0,002026256	0
	-0,184673641	-0,588544631	0,188862777	0
	0,332597615	-0,008620381	-0,150419248	0
	0,26736022	-0,096650629	-0,025641677	0
	0,255736261	-0,079159811	0,065220115	0
	0,280188212	0,066017201	0,017868082	0
	-0,471679361	-0,563421484	-0,500890057	0
	1,179335484	0,72450054	-0,05365178	0
	1,450763044	1,00605743	0,230389118	0
	-0,183336817	-0,425267127	-0,289015864	0
	0,000823666	-0,310232103	-0,36978827	0
	-0,205470271	-0,546274378	-0,122100961	0
	0,341706169	-0,074761623	0,256997797	0
	-0,154288518	-0,368216093	-0,077014664	0
	-0,325147415	-0,367958678	-0,434565693	0
	-0,309948279	-0,326047225	-0,282174321	0
	0,001573739	0,026875225	0,364125436	0
	0,156911082	-0,094693492	-0,294042492	0
	-0,070553053	-0,490033473	0,161651048	0
	0,108286147	-0,471591194	-0,211646333	0
	-0,219040308	-0,906868472	-0,077340973	0
	-0,171835314	-0,615742628	-0,114545444	0
	-0,016958406	-0,275353616	-0,120515182	0
	-0,033422759	-0,328143355	-0,170860352	0
	0,161449963	0,009911819	-0,025252306	0
	0,384614941	0,30305792	-0,219117694	0
	0,37719534	0,360894448	-0,127667766	0
	-0,019098794	-0,15651078	-0,130872256	0
	-0,104783623	-0,39757378	-0,158546722	0
	0,042510932	-0,284084042	0,272513238	0
	0,315347169	-0,138480282	0,015989742	0
	-0,093488586	-0,277181991	0,046781643	0
	-0,18337794	-0,404818907	-0,045207953	0
	-0,433221351	-0,782981119	0,02479736	0
	-0,316052715	-1,020037064	0,128349071	0
	0,028070906	-0,851211854	-0,133655256	0
	-0,40232853	-0,856158045	-0,297479896	0
	-0,404700374	-0,521335876	-0,211226241	0
	-0,19290811	0,069850003	-0,240235146	0
	-0,160093575	-0,160186895	-0,215972788	0
	-0,013385182	-0,237740663	-0,201892597	0
	0,05212551	-0,184884687	-0,219698601	0
	-0,340499219	-0,033258273	-0,141754778	0
	-0,231589006	-0,122634515	0,033321198	0
	0,07791408	-0,131015487	-0,137389917	0
	-0,142988631	-0,273932033	0,082613811	0
	-0,111193458	-0,132854642	0,066540246	0
	-0,097095672	-0,169222856	-0,319428205	0
	0,045741878	-0,061638219	-0,003824105	0
	0,147302506	0,030946051	0,184115777	0
	-0,269233202	-0,316208645	0,016695715	0
	-0,26285916	-0,426508513	-0,131298792	0
	-0,072756886	-0,084880133	-0,104701714	0
	-0,229330226	-0,413597838	-0,200755441	0
	-0,058011716	-0,340011336	0,152162975	0
	0,178715057	-0,339674252	-0,109600189	0
	-0,573665804	-0,433940025	-0,376298784	0
	-0,823287335	-0,715804535	-0,297814451	0
	-0,224285747	-0,361587679	0,220572968	0
	1,212081349	0,820429715	0,347324599	0
	-0,581721724	-0,721358273	-0,20717796	0
	-0,074409589	-0,223231642	0,366402472	0
	0,850844283	0,433285687	0,49927881	0
	0,924593062	0,883158397	0,64758519	0
	1,185558472	1,070381664	0,727611663	0
	1,399158239	1,308624828	1,075888518	0
	0,162553242	0,232940457	-0,142450202	0
	0,226466458	0,052752034	0,015392899	0
	-0,011619674	0,113321004	0,064536257	0
	-2,03823624	-1,466137624	-1,283453108	0
	-0,341296533	-0,273630249	-0,686786322	0
	-1,426864992	-0,470535522	-0,633285335	0
	-0,109775945	1,350540297	-0,066918653	0
	0,132099307	0,746211894	-1,376492378	0
	-1,391868737	-0,992779683	-1,180996506	0
	-0,904072184	-0,456205106	-0,920656162	0
	-0,348267258	-0,781474613	0,93408649	0
	-1,218369037	-1,501500691	0,212395845	0
	-0,195847726	-0,340998729	0,173674501	0
	-0,247788685	-0,355249596	0,274930615	0
	0,188473392	-0,278696088	0,451437878	0
	0,375805741	0,002330556	0,343831101	0
	-0,02996598	-0,306500835	-0,134180911	0
	-0,32202382	-0,565797142	-0,189280814	0
	-0,016733093	-0,463101501	-0,084155431	0
	-0,458941032	0,088869756	0,076480962	0
	-0,401223109	-0,122059844	-0,308106596	0
	-0,270905684	0,102457791	-0,194331454	0
	0,49734786	0,405882714	0,144090474	0
	0,671266729	0,200004774	0,186935196	0
	0,818214004	0,477814068	0,516847446	0
	0,106842266	-0,218503529	0,055643706	0
	0,973504337	1,0610575	1,240033681	0
	0,023711959	-0,246517506	0,022915766	0
	-0,380633701	-0,491925165	0,009250024	0
	1,11514555	-0,354234819	1,757215129	0
	-0,224331971	-0,675904868	-0,059454101	0
	-0,288375872	-0,495696729	-0,076420641	0
	0,110265573	-0,271296257	0,029049745	0
	-0,036137121	-0,355548609	-0,18610162	0
	-0,1002579	-0,398758668	-0,345295566	0
	-0,360250164	-0,449706305	-0,105574479	0
	-0,208958046	-0,630049513	0,274005554	0
	-0,17269644	-0,414547261	-0,314631022	0
	-0,281120012	-0,282560135	0,035830057	0
	0,265288563	-0,005488792	-0,044764836	0
	-0,441432243	-0,123712573	0,011108195	0
	-1,31235818	-0,762315687	-0,591647974	0
	-0,423400124	-0,208022852	-0,290185188	0
	0,230502561	-0,031924154	-0,111930106	0
	-0,629689799	-0,758940026	-0,073617594	0
	-0,08413917	-0,395368796	-0,19297926	0
	-0,250703608	-0,513141117	-0,303691311	0
	0,754045119	0,894978671	0,344744617	0
	-0,053485281	-0,174845492	0,015197909	0
	0,607182848	0,572611024	0,277928669	0
	-0,174042061	-0,387176786	-0,418264358	0
	-0,249027474	-0,57068678	-0,159790098	0
	-0,189600579	-0,809803498	-0,093915999	0
	-0,516899319	-0,979813899	-0,210552	0
	-0,369512585	-0,553707384	-0,34439871	0
	-0,539128362	-0,859471622	-0,140668442	0
	-0,78110661	-0,820904437	-0,235579774	0
	-0,399731534	-0,474139251	-0,358833035	0
	-0,369520608	-0,597175085	-0,358033145	0
	-0,550504321	-0,380659859	-0,298043089	0
	0,006423821	-0,269598431	-0,21220833	0
	1,334144957	0,861710566	0,657996447	0
	0,087101202	-0,070318089	0,01416314	0
	-0,2732171	-0,478565034	-0,339321462	0
	0,203194973	-0,117127826	0,058257056	0
	0,37328804	-0,018731642	-0,493547328	0
	-0,381405431	-0,468338881	-0,130341415	0
	-0,629524057	-0,768016689	-0,071067966	0
	-0,284328534	-0,363383558	-0,140619223	0
	0,004798891	-0,079897836	0,184748736	0
	-0,619767241	-0,833816451	-0,262160216	0
	-0,272155878	-0,536806676	-0,241318163	0
	-0,423061331	-0,513951367	-0,244026288	0
	-0,911912597	-1,029715237	-0,705017645	0
	-0,134575323	-0,085464136	-0,296161044	0
	-0,063736071	-0,092877204	-0,143775535	0
	-0,352789348	-0,27092393	-0,202798816	0
	-0,713486995	-0,593259438	-0,460641887	0
	-0,483032421	-0,456933659	-0,153118851	0
	-0,348621568	-0,560540791	-0,083127971	0
	-0,428342704	-0,332630456	-0,394896722	0
	-0,314257079	0,083328811	-0,361170759	0
	-0,606788705	-0,509185397	-0,203364788	0
	-0,39459121	0,019496819	-0,21244767	0
	0,248352315	0,150789653	-0,130003104	0
	-0,147879222	-0,118240847	0,200227826	0
	-0,065362502	-0,316534326	0,327490684	0
	0,37853238	0,049153185	-0,037070352	0
	0,112576411	0,091766588	0,012007887	0
	-0,829110853	-0,463114669	-0,427016466	0
	-0,397635514	-0,737317121	-0,354018535	0
	-0,67969731	-0,776776839	-0,438986308	0
	-0,513571039	-0,505154375	-0,183693984	0
	-0,054464919	-0,380712561	0,040606626	0
	-0,136998371	-0,098688703	-0,276446684	0
	0,316687585	0,285392741	-0,134876369	0
	0,03790276	0,157173643	-0,061061133	0
	-0,2228477	0,091342794	-0,355431234	0
	0,348614147	0,310533966	0,358969922	0
	-0,246966249	-0,125791339	-0,172631704	0
	-0,360550759	-0,227881782	-0,487219267	0
	-0,384694412	-0,198003742	-0,25809165	0
	-0,474414223	-0,211108505	-0,361029507	0
	1,083147769	0,758808831	0,851607538	0
	-0,090678855	0,125582473	-0,365103597	0
	1,019118099	0,702982961	1,577643468	0
	-0,18256497	-0,572973677	-0,355835065	0
	-0,674235569	-0,88707972	-0,267215544	0
	-0,521670459	-0,14861837	0,015040785	0
	-0,629193531	-0,569202775	-0,360634079	0
	-0,452669323	-0,655747987	-0,442062901	0
	-0,129824932	-0,664116566	-0,387222102	0
	0,050652769	-0,81323001	-0,340848297	0
	-0,359166788	-0,770831993	-0,205062015	0
	-0,386734955	-0,523123704	-0,031241974	0
	-0,26419307	-0,521674643	-0,21335036	0
	0,071812398	0,176686787	-0,02287052	0
	0,653648942	0,609803486	0,598304465	0
	0,117503318	-0,10342611	-0,246366913	0
	-0,031669682	-0,300234903	-0,269886253	0
	0,324550491	0,002614066	-0,092252956	0
	0,307358387	0,378890294	-0,246698288	0
	0,093330838	0,049017326	-0,1324608	0
	0,632484415	0,42198043	0,346444978	0
	0,607837783	0,285640238	0,116490923	0
	0,304245369	0,034908257	0,071037845	0
	0,022835151	-0,342814045	-0,301624603	0
	1,082115048		#DZIEL/0!	0
	0,561428922	0,194825399	0,194565575	0
	0,394144364	0,147146735	-0,165046916	0
	0,470359597	-0,045491489	-0,215377067	0
	0,237070482	0,031571881	-0,1258321	0
	-0,16524118	-0,561065316	-0,272869813	0
	-0,067055295	-0,428982274	-0,145302258	0
	-0,222306167	-0,499022361	-0,435083302	0
	0,361595836	0,224699779	-0,03323345	0
	0,078628104	-0,210398251	-0,166900207	0
	0,532761476	0,268291264	-0,108511478	0
	1,605629045	1,337263628	1,051063654	0
	-0,053595808	-0,412061639	-0,148596085	0
	0,63227936	-0,086288361	-0,297139785	0
	0,133210554	-0,222931125	-0,447161559	0
	0,20020426	-0,150837351	-0,403481849	0
	0,716161656	0,516773321	0,205155789	0
	-0,204880436	-0,308935945	-0,198141166	0
	0,067652029	-0,194390357	0,042433806	0
	-0,046449414	-0,231464114	-0,165426004	0
	1,935141103	1,835775089	1,212951155	0
	1,286047637	0,699794728	0,59649503	0
	1,156981351	0,669063064	0,650410908	0
	0,087503391	-0,035163485	-0,212686818	0
	-0,008007521	-0,028787383	-0,350406557	0
	0,623420504	0,450485274	0,158945404	0
	-0,443703077	-0,246585345	-0,294030052	0
	-0,185526642	-0,210662309	-0,332349054	0
	0,789718353	0,488178698	0,311692451	0
	-0,262933197	-0,536868806	-0,273839583	0
	0,532860973	0,196717472	0,031960811	0
	-0,614054726	-0,45842121	0,11571365	0
	-1,122008119	-0,881803798	-0,459010521	0
	-1,498042645	-0,856500447	-0,046509837	0
	1,098235207	-2,113706035	0,619273704	0
	-0,26051037	-0,506143972	-0,312842871	0
	0,191139609	-0,254516731	0,072038227	0
	0,936978279	-1,435151517	-0,691991264	0
	0,097793308	-0,086603275	-0,406837182	0
	-2,736146925	-2,293630256	-2,015602558	0
	-0,326558602	-0,181470767	-0,350558099	0
	0,247763238	0,051187758	0,183682318	0
	-0,038494885	-0,040307178	0,02683221	0
	0,17783448	0,229731322	0,118348089	0
	0,135295637	0,123225916	0,065214209	0
	-0,015485074	0,013334676	0,190487625	0
	-0,898239004	-0,339550925	-0,39162225	0
	1,068779839	-0,030577472	#DZIEL/0!	0
