gene	whiA18	whiA36	whiA48	whiH18	whiH36	whiH48	WT36	WT48
SCO0001	0,305969206	-0,026370988	-0,100696646	0,092305485	0,112217309	-0,005475039	0,417095263	0,597131509
SCO0017	0,179603489	0,042146707	-0,04036185	0,108937629	0,243647589	0,165145939	0,421387911	0,444472996
SCO0312	0,155270605	-0,144111727	-0,082149204	0,22598333		0,085944326	0,456026545	0,637089779
SCO0340	0,103051737		-0,604964448	0,148878038	-0,642803387	-0,809126031	0,524983546	0,442174531
SCO0361	0,269030434	0,4901408	0,594429781	-0,05363573		-0,066637331	0,035812852	-0,082785536
SCO0399	0,025956671	-0,128648899	-0,26083097	0,085729405	-0,607548574	-0,368045864	-0,479593072	-0,637540614
SCO0400	0,140596785			0,404470368	-0,032365183		-0,810886666	-0,569011637
SCO0550	0,042869352	0,278526279	0,574644488	0,401273932	-0,018941086	0,0733437	-0,693225376	-0,898723928
SCO0566	0,142413121	-0,849216385	-0,813752227	-0,019335658	-0,002633788	-0,024304504	0,685610124	0,695233461
SCO0591	0,019857483	-0,702766245	-1,250373819	0,118916314	-0,419771778	-0,549273207	0,450259953	0,683037301
SCO0593	0,158213773	-0,227756008	-0,843547872	-0,134614488	0,136229646	-0,291711598		-0,116264773
SCO0629	0,327934936	-0,038829591	-0,040916478	0,418981235	0,052301482	0,20742165	0,830051155	0,831572201
SCO0651		-1,001717204	-1,473052325		-0,86982694	-1,512747372		1,277700459
SCO0654		-2,660784665	-2,435999828		-2,345239479	-2,12485527	1,409633211	1,998551515
SCO0655	0,444970005	-1,625216235	-2,548040096		-1,223127528	-2,487872708	2,024791304	1,758422552
SCO0660	0,437510143	-0,162170696	-0,155870178	-0,405391434	-0,039790307	0,157839644	-0,388226601	-0,826776205
SCO0689	0,062667347	-0,319073183	-0,556987155	0,269743809	-0,127583918	-0,378823943	0,493248324	0,445997767
SCO0701	0,111209819	0,077435025	-0,119386383	0,246031376	0,286999753	0,085400991	0,587984246	0,861042668
SCO0736	0,417123596	-0,370271471	0,044055208	-0,446500149	-0,403744759	-0,213959644	-0,950886313	-1,288924503
SCO0743	-0,069844905	-0,784547594	-1,250964416	-0,19263079	0,00336498	-0,056677433	0,814221841	0,813734481
SCO0752	0,601919624	-0,388631261	-0,246512049	-0,398398341			-0,980788294	-1,418177996
SCO0834		-2,624706707	-4,098406591	-0,353272931	-1,595030954	-1,848641083	1,829872095	2,655275379
SCO0890	0,321399352	0,013114692	0,017035715	0,458263377	0,117422944	0,161222225	0,42621521	0,54607112
SCO0934	0,095806355	-1,987083477	-2,615798056	-0,308481767	-1,916741972	-2,302728348	1,129811491	0,956596988
SCO0973	0,479084082	-0,111719065	-0,084306742	0,52342254	0,03240057	0,16236612	0,61616167	0,797916183
SCO1048		0,223623796	0,130263712	0,279321284	0,578251729	0,352500048	1,545550722	1,049326116
SCO1076	0,089043016	-0,094451007	-0,157748032	0,073842918	0,033081316	-0,073709489	0,327720802	0,507000499
SCO1110	0,481287728	-0,041986615	-0,044200016	0,48097895	0,09428236	0,049228045	0,617500607	0,713646757
SCO1143		-0,658052149	-1,268086402	0,511704003	-0,822138869	-0,977232459	0,36571102	0,667055009
SCO1149	-0,137035965	-0,598145791	-1,12766603	0,190241634	-0,507182602	-1,244085338	0,490540835	0,343338693
SCO1195	0,234653851	-1,145444571	-1,767956987	0,03945836	-0,46500706	-1,165102384	1,98518806	2,403313847
SCO1207			-2,497520713			-1,636743913		
SCO1282	0,088173607	-0,055971363	-0,290871199	0,217831903		0,142696477	0,510005107	0,582421475
SCO1336			-1,264234467		-0,473166069	-0,457396878		0,794354912
SCO1388	0,512026836		-0,123512755	0,382239754	-0,03012221	0,195190108	0,278047118	0,572058274
SCO1415	0,377866419	-2,683679836	-3,161394398	0,092987745	-1,652923942	-1,999407958	2,152609619	3,110658956
SCO1416	0,145755041	-0,40361726	-0,665288826	0,078133602	-0,179802286	-0,271608558	0,375400966	0,800411637
SCO1541	-0,00070738	-0,860432632	-0,917519986	-0,028203887	-0,485055582	-1,082910764	0,981258529	1,087705256
SCO1549	0,186843035	-0,124326613	-0,125615952	0,271032117	-0,076761816	-0,190440871	0,580351674	0,503287426
SCO1573	0,571354062	-0,309955891		-0,632032349	-0,13652982		-1,068752314	-1,287437349
SCO1576	0,224920521	-0,25326111	-0,156120304	-0,531150954	-0,499659689	0,068985158	-0,600304364	-0,871886235
SCO1590			-1,825495968			-0,483435458		
SCO1658	0,060533488	-0,376837092	-0,636810493	0,078626271	0,174286877	0,184341612	0,412397342	0,58275917
SCO1700	0,031470145	-0,14999809	-0,087191553	0,969825513	0,562722503	0,953696419	0,104487878	0,036783084
SCO1724	-0,065360997				-0,129937355	0,416181969	0,584722593	-1,849336225
SCO1749	0,277641615	-1,24163163	-0,829452642		-1,050196033	-0,882986096	1,379460041	1,111576554
SCO1757	0,04065234	-0,145632698	-0,537287594	0,220702354	0,003070001	-0,213393304	0,721045337	0,721903704
SCO1766	0,06307921	0,167387098	0,479981433	0,110256492	-0,055828948	0,147488833	-0,661055714	-0,678570036
SCO1767	0,181019934	0,060619927	0,438680297		-0,261120779	-0,370690297	-0,363497585	-0,723397418
SCO1773	-0,044257778	-0,646750499	-1,320414218		0,207574885	0,296353193	0,829993207	0,868410657
SCO1774	0,093975138	-0,227322146	-1,21842727	0,134767197	0,041219684	-0,006257747	0,083642247	0,27014629
SCO1778	0,063095765	-0,153678643	-0,458267237	0,117452534	-0,217382181	-0,02985749	0,496489475	0,577074129
SCO1810	0,525127778	-0,079622977	-0,11458998	0,547142387	-0,002502148	0,150232295	0,490563736	0,568369822
SCO1834	-0,125170713	-0,449135583	-1,656558598	0,01555567	-0,427024105	-1,301785837		
SCO1860	0,001257498	0,158849864	0,148402319	0,648482324	0,855612445	1,166025118	-0,255793691	-0,256371759
SCO1902	0,071444459	-0,073561351	-0,118468383	-0,075263318	0,003697682	-0,128032068	0,457440024	0,704993142
SCO1915	0,077789483	-0,638075337	-0,977958454	-0,067533903	0,004833484	0,065628018	0,397719086	0,482209392
SCO1929	-0,196932037	0,060258007	0,062883789	0,575559199	0,659756407	0,936662944	-0,257205374	-0,148747497
SCO1965	-0,138364944	0,220082165	0,402019023	0,042894398	0,002922166	0,126109677	-0,737527629	-0,867721382
SCO1981	0,167200092	-0,112622809	-0,114609022	0,267338202	-0,006122734	0,085122782	0,432190369	0,48923395
SCO1991	-0,008994673	-0,42284473	-0,741984061	0,086576974	-0,056588884	-0,184578677	0,471798099	0,441286273
SCO2009	0,043075513	-0,207410561	0,040771385	0,23437625	0,290943389	0,315056576	-0,939372707	-0,823051944
SCO2010	0,074445282	-0,200099916	0,110137938	0,278767548	-0,073208364	0,490181204	-0,818706299	-1,113886215
SCO2026	0,094410576	-0,231606338	-0,259991267	0,225932847	0,475933413	0,776464672	-1,241855062	-1,567972241
SCO2030	0,006865524	-0,133762501	0,046108046	0,246401892	0,09042129	-0,080992779	0,422316324	0,473268579
SCO2035	-0,115466082	-0,590114887	-0,857535425	-0,057855597	-0,087681338	-0,105247141	0,253437082	0,490943289
SCO2063	0,099706593	-0,4549179	-1,086546266	0,036781298	-0,319656661	-0,677062631	0,420070916	0,614184177
SCO2212	-0,012991901	-0,515582483	-0,684215686	-0,311007365	-0,498852898	-0,449273551	0,857448558	0,906790665
SCO2236		-0,249106206	-0,5824134		0,223334447	-0,045990194		1,299911782
SCO2237	0,084293044	0,029291302	-0,344336437	0,021935065	-0,145779343	-0,328779685	0,306378471	0,59281833
SCO2374	-0,035052813	0,118665761			1,144612597	1,630333877		-0,100143763
SCO2390	-0,092928295		-0,949432517	0,147929246	0,296931872	0,275973126	0,291214689	0,344450041
SCO2452	0,051320374	-0,077690618	-0,50836533	0,159433636	-0,131558455	-0,375629704	0,279173918	0,497234885
SCO2495	0,580777883	-0,268815564	-0,028344924	-0,708755761	-0,462339188	0,039618906	-0,924607558	-1,16320134
SCO2523	0,134015453	-0,165802313	-0,18139864	-0,084628297	0,337706099	0,04708659	0,50551277	0,676977262
SCO2527	0,160864903	-0,006645912	-0,403578832	0,090141439	0,446379874	0,251386969	0,582454199	0,64040202
SCO2530	-0,072778937	-0,306502973	-0,967585615	0,24849519	0,443716576	0,039934269		0,931158983
SCO2531	0,21832599	-0,191355859	-0,247355126	0,016734714	-0,015557814	-0,04223578	0,351240741	0,414442007
SCO2540	0,120136116	-0,220139058		0,098636219		0,147756846	0,702567597	0,799307932
SCO2549	0,130313448	0,084813235	-0,184236374	0,09585347	0,414894779	0,305744503	0,435961985	0,515917382
SCO2563	0,058732738	-0,116830991	-0,389272618	0,249165479	0,001518248	-0,06924845	0,359749237	0,557136895
SCO2565	-0,012268249	-1,102417036	-2,385349269	-0,119885476	-1,580978894	-1,891662188	1,180256207	1,094034029
SCO2573	0,113254327	-0,195099927	-0,154064963	-0,314143287	0,022055271	-0,12165959	-0,539916167	-0,434048213
SCO2576	0,374421541	0,072484321	-0,035552617	0,330868476	0,186778352	-0,100988821	0,660638317	0,957962771
SCO2590	0,074564776	0,585893016	0,986172728	-0,195080714		-0,268460432		
SCO2593	0,1967286	0,579770784		-0,358074657	0,19223854		-1,137961881	-1,29332042
SCO2620	-0,282464551	0,078416554	0,011472413	-0,050727117	0,445235504	0,214204203	0,12111383	0,526228431
SCO2684	0,058532164	-0,35709518	-0,876073333	0,028719589	-0,278440762	-0,461660384	0,446083381	0,648768509
SCO2704		-1,186051756	-1,775075665		-0,511205496	-1,254230563	0,189663916	0,502815655
SCO2716	0,003143718	-1,566456942	-2,367195383	0,299141646	0,170918602	-0,114817678	1,426517162	2,069613223
SCO2717	-0,050098688	-1,661119682	-2,708498089	-0,045568997	-0,134287712	-0,468988934	2,630462167	2,533495035
SCO2718	-0,103973645	-0,445692797	-0,941663316	-0,018803646	0,52134008	0,302870392	0,601681008	0,699084296
SCO2719	-0,108198211	-0,181638073	-0,689101739	0,078196342	0,427270503	0,115587556	0,703559888	0,771810062
SCO2758		-0,177448328	-1,239603793		0,49529915	-0,157312977	2,384627571	2,515176938
SCO2783	0,364364943		-0,100010423		-0,098439186	0,105795804	0,549573586	0,489859962
SCO2870	0,349535718	-0,020916716	-0,127054307	0,430321466	0,079122261	0,038350383	0,684874292	0,772518418
SCO2924	0,042214822	-0,856024492	-0,915668766	-0,127568568	-0,217117434	-0,932355292	0,803713655	0,808244524
SCO2939	0,245072628	0,018046969	-0,11976073	0,181661508	0,313355062	0,30614026	0,852188486	0,783528653
SCO2944	-0,03511766	-1,368989067	-2,418878067	-0,292715207	-1,174867528	-1,505307848	1,077755537	1,003629322
SCO2959	-0,081228891	-0,257833651	-0,883481323	-0,065826296	-0,177714458	-0,481833573	-1,35782488	
SCO2971	0,098931881	0,447963651	0,524665029	0,110925535	0,124551663	0,264339694	-0,949451937	-0,858173016
SCO3034	0,151221716	-0,008378426	-0,427062187		0,130191334	-0,262220046		1,010251899
SCO3040	0,130501482	-0,106938271	-0,066949019	0,107889954	0,147418615	0,356357984	0,916596549	0,788166227
SCO3113	0,370801782	0,484670081	1,037614387	-0,028837293	0,656771848	0,930818266	0,189448643	-0,102047315
SCO3136	0,114973621	-0,030772285	-0,100743809	0,096887355	-0,027566711	-0,044881275	0,208476017	0,406455912
SCO3156	-0,785845389	0,106076434						-0,594049817
SCO3161	0,080707119	0,04412835	-0,079056675	0,09885503	0,012746473	-0,11221402	0,393439599	0,440454994
SCO3169	0,048138423	-0,222821356	-0,785618201	-0,058103535	-0,203420812	-0,232032644	0,117323964	0,411583221
SCO3182	-0,083537363		0,093702164	-0,006827627	0,066958662	0,493309975	-0,205243922	-0,580152245
SCO3191	0,172719126	-0,04887654	-0,140467563	0,161939571	-0,022804836	-0,050316404	0,399551155	0,483528721
SCO3288	0,465643824	-0,017569984	-0,045962702	0,279271054	-0,004943897	0,078704034	0,598424315	0,580069447
SCO3311	-0,055683333	-0,838710451	-1,047178286	0,031003769	-0,800330469	-1,059715083	0,299636452	0,344448967
SCO3324	0,292970571	0,032199401	-0,01122641	0,196654221	0,102554646	0,132723606	0,581548746	0,653601063
SCO3349	0,44447992	-0,076466871	0,005368573	0,26060081	0,061351332	0,033915384	0,802236092	0,699275352
SCO3357	-0,032035898	0,546048285	0,838201107	-0,093989427	0,37563665	0,301197145	-0,352656124	-0,152983713
SCO3375	0,067102139		0,774620942			0,50982568	-0,044010527	
SCO3378	-0,06543262	-0,304167377	-0,883100875	-0,093603136	-0,525955196	-0,913853682		0,996466448
SCO3379		-0,806607587	-0,753661032	0,055423664	-0,503231464			2,212308685
SCO3400	0,042707946		0,308619964		0,286780969	0,056037263	-0,612521518	0,200197179
SCO3405	0,244367357	-0,202255639	-0,433115173	-0,022824961	0,135215352	-0,243727	0,627393817	0,68538571
SCO3409	-0,106700711	0,057487935	0,243491427	0,145361756	0,266060203	0,11264063	-1,036365311	-0,511125201
SCO3444	0,284613025	0,724253101	1,542455887	-0,208570151	-0,163459861	0,039039325	0,395352853	0,011058994
SCO3505	-0,099828377	-0,426667721	-0,617283105	0,086967067	-0,054258123	-0,061121345	0,399845117	0,36900335
SCO3514	0,396543541	-0,122059676	0,00689132	0,436422791	0,035730691		0,828995136	0,695207597
SCO3515	0,138899084	-0,438341048	-0,642104678	0,061254742	-0,085736987	-0,14808115	0,732588255	0,647775658
SCO3521	0,175051207	-0,080422325	-0,328521958	0,091331406	0,091130837	-0,004660395	0,492565317	0,768800125
SCO3538	0,313556264	-0,083210918	-0,019209447	0,394424912	0,009700915	-0,020343903	0,748734987	0,820029138
SCO3544	-0,093973746	-0,29909419	-0,435355607	0,048147463	0,006193243	-0,105061804	0,486415136	0,524301964
SCO3573	0,404366022	-0,444763473		0,358838138	-0,69656086		1,176080633	0,467938343
SCO3589	0,790840084		-0,408305639		-0,050170683	-0,242734414	0,841998278	1,459005996
SCO3594	-0,309050319		-0,253704119	-0,742201921	-0,037771903	0,142613841	0,971017132	0,696112234
SCO3596	1,457044946	0,21476097	-0,294445673		-0,324478479	-0,068326174	0,429387676	1,236131132
SCO3636	0,393641249	-0,072929553	-0,075166813	0,480284599	0,261178302	0,219293639	0,975358305	1,078933904
SCO3659	0,153060127	-0,23599062	-0,301171167	0,346967304	-0,188438183	-0,05928316	0,538832548	0,606125418
SCO3750	0,087639378	-0,249069086	-0,615941312		0,185799255	0,111735631	0,736502329	0,633230467
SCO3754		0,243205292	0,137778775		0,236523211	0,210944408	1,22529522	1,393612602
SCO3776	0,199026529	-0,451144517			-0,721397477		1,250305127	1,109312055
SCO3801	0,468965723	-0,081702688	-0,122676722	0,47298907		0,154981905	0,750575417	0,978678049
SCO3856	-0,08793425	-0,145633886	-0,104727073	0,434285036	-0,186299267	0,133410443	0,550409795	0,609688442
SCO3857	-0,047741997		-0,964397322	-0,420107725	-0,736586153	-0,761069366	0,103361674	0,399228795
SCO3871		-1,077576679	-1,766040276			-1,150409734		
SCO3951	0,278616383	0,647206311	1,043426474	-0,037477592	0,030173201	0,169251725	-0,047426629	-0,010983865
SCO3975	-0,021493222	-0,038670108	-0,329526604	0,152962935	0,272675871	-0,111508103	0,841243499	1,306400531
SCO3977	0,464220109	-0,158185305	-0,055035022	0,353076804	-0,036334763	0,103211354	0,611937937	0,692164094
SCO4002		0,024957697						2,453350484
SCO4131	0,097098754	0,078785583	0,104352613	-0,130723697	0,162995979	0,234652748	0,459441125	0,480150599
SCO4145	-0,059658436	-0,015836619	0,459265329	0,090068732	-0,393059343	0,367971279	0,294015898	0,619400187
SCO4157			-2,114545947		-0,76925302	-0,953372084	0,969556775	1,024098315
SCO4187	0,492204583	0,730955193	2,746218212	-0,359280044	0,384894666	0,040618318	-0,685302392	-0,295265791
SCO4206	0,038001357	-0,138607338	0,382642019	0,118876083	-0,066726203	0,077187631	0,013559344	-0,56936152
SCO4213		0,305332153	0,35820874		0,171575902	-0,025953902		1,275295437
SCO4229			0,910016246	-0,038970233	0,69458669	0,645627643		1,087657757
SCO4243	-0,112441461		0,345731348	0,084631149	0,162289402	0,060861557	-0,470367455	-0,461571223
SCO4253	-0,261813241	0,050034158	0,688370832	-0,288717274	-0,278650194	-0,157459824	-1,824218031	-2,143932791
SCO4320	-0,057353379	-0,867170909	-1,479090978	0,071441606	0,303730861	-0,125562539	0,809120419	1,051862178
SCO4356	0,285005591	-0,031698249	-0,086538592	0,253859547	-0,012697554	0,037601631	0,518282083	0,488090998
SCO4365	0,105659581	0,208117154	-0,227775519	0,181070213		-0,013584849	0,087370362	0,533405925
SCO4399	-0,003073996	0,041868858	-0,106582319	0,34140364	0,139259361	-0,100752675	0,579893942	1,257721785
SCO4412	0,082966076	-0,487388854	-0,625867013	0,112790506	-0,452169867	-0,539901578	0,135207775	0,249244634
SCO4421	-0,086336602	-1,031311989	-1,619737079	-0,251132285	-0,809126086	-1,281678074	0,524573083	1,605105671
SCO4442	0,037253845	0,398312312	0,174773807	0,549836565	0,291587315	0,126289899	1,72221663	2,373380471
SCO4488	0,297817421	-0,12818257	-0,098517933	0,385216489	0,059563771	0,143439973	0,648245534	0,707392867
SCO4509	-0,076444138	0,532744844	0,676104311	0,131581511	0,612098804	0,825788696	-0,367024095	-0,40866711
SCO4559	0,029569992	0,020555751	0,284368028	0,268679216	-0,389230441	-0,214022706	-0,659485979	-0,763845883
SCO4561	0,240795001	-0,002690319	0,228649149	-0,180137422	-0,342768979	0,055746065	-0,381262468	-0,497684056
SCO4570	0,337973713	0,180195888	0,128613207	0,172220619	0,260991557	-0,108375528	0,179665144	0,492098214
SCO4573	-0,008655035		-0,621106095	0,217646951	-0,308413671	-0,432446289	0,268948171	0,36644742
SCO4587	0,001750932	0,110852609	0,22307872	0,231818245	0,297352498	0,096527033	-0,02530222	0,556856589
SCO4676	0,196396601	0,559178408	1,230109086	0,001847171	0,164022085	0,258937123	0,137546388	0,196480419
SCO4701	0,80657098	0,590514231	1,112336862	0,077115697	0,36748587	0,134501137	-0,315254277	0,093026066
SCO4702	0,679008085	0,604987617	0,699133688	0,120134275	0,222838582	-0,162021611	-0,219805248	0,087337268
SCO4704	0,755040259	0,692572736	0,877415252	-0,064304865	0,34359004	0,072974937	-0,225898516	0,072576835
SCO4705	0,670366924	0,596199127	0,762179235	0,053298412	0,371228842	-0,007369396	-0,107714311	0,079562698
SCO4706	0,784814877	0,638828469	0,764015394	0,094987875	0,234021624	0,036116054	-0,096999071	0,174651332
SCO4710	0,861643835	0,76704959	0,778129808	0,13204541	0,224749679	-0,068022479	-0,043485913	0,148137601
SCO4724	0,536898888	-0,046330129	0,022592981	0,5009938	-0,02361189	0,203769449	0,863424188	0,721658343
SCO4784	0,138625626	-0,586180749	-0,874727978		-0,267642546	-0,433572525	0,682059318	0,657243394
SCO4803			1,360183976	0,059524465		0,311454081	0,781529147	
SCO4842	-0,009965187	-0,192080977	-0,433707109	0,206583043	-0,025560859	-0,333923324	0,793168723	0,520735261
SCO4854	-0,104767536	0,000825205	-0,29953453	0,029226724	0,467947732	0,273278422	0,39410263	0,550516453
SCO4881		0,332877303	0,845734259	-0,048666482		0,490489391		1,612247617
SCO4937	-0,285336809	0,091915377	0,17467257	0,076242605	0,586393559	0,471725106	-0,425074095	-0,6328578
SCO5046	0,203179798	-0,32215572	-0,694710105	0,305877369	0,247791244	-0,154309776	0,701764996	0,844201379
SCO5069	0,15417608	0,173052743	-0,008666385	0,256310467	0,055864446	-0,040802965	0,340170259	0,485420431
SCO5084	-1,791644566	-0,160154936		0,482703784	-0,165984777	-0,089319335	-1,092156613	-1,599994714
SCO5161	0,406188043	-0,066236819	-0,13768978	0,397342143	-0,021336537	-0,031300734	0,811743419	0,801955749
SCO5189	-0,096872719	0,695227067	2,138161314		0,002648995	0,046757949	-0,153392344	-0,055387966
SCO5190	-0,200327709	0,931824341	1,823501818	-0,027742353	0,090974363	0,19559425	0,309482234	0,666021291
SCO5191		1,152355452	2,476081135		-0,07787196	0,235165051		
SCO5199	-0,220376819	0,396724339	0,764867775	0,06245221	0,327031115	0,032882009	-0,507105498	0,027362544
SCO5249	0,172561225	0,454682803	-0,135258064	0,56830627	1,298345147	0,964044081	1,587437393	2,030584157
SCO5251	-0,084542433	0,190049893	0,764239891	-0,011361198	-0,098344705	0,08475102	0,150935642	-0,119450897
SCO5254	-0,931477064	-0,181019409	-0,351007431	0,425571596	-0,101582794	-0,186062194	-0,668866892	-0,822936712
SCO5270	0,035054651	0,062310588	-0,72291777	0,194897746	0,317557851	-0,073619406	1,132222184	1,344984941
SCO5277	0,203024156	-0,010195928	0,031559375	0,253929006	-0,075909417	0,1051669	0,460871868	0,477723954
SCO5316	0,451524033	-2,124714114	-2,52957293	-0,032132912	-2,156784513	-1,731491636	1,912800592	2,054603972
SCO5317		-2,052505332	-3,060553812	-0,157873455	-2,569800817	-2,500366729	1,161241178	0,97566323
SCO5339	-0,086318859	0,216660282	0,141757954	1,002814317	1,151560118	1,334269869	-0,229534214	-0,252665709
SCO5442	0,522099795	-0,607934551	-0,992733013	0,647769053	-0,47106188	-0,92087918	1,110743233	1,535444478
SCO5519	0,140745166	-0,077604557	-0,117535798	0,142266715	0,011629971	0,080681176	0,545338335	0,620172201
SCO5543	0,040581707	0,1284213	0,346474315	0,002174602	-0,091756174	-0,072313462	-0,445132086	-0,607544168
SCO5544	-0,033516038	0,144981625	0,266806729	-0,118712968	0,110666719	0,115657466		-1,075156337
SCO5556	0,1214674	-1,223211197	-1,54445777	-0,037503625	-0,945542158	-1,227397937	1,115910906	1,086989354
SCO5567	-0,0000536	-0,458083994	-0,965664082	0,070382573	-0,40313719	-0,729199802	0,519256082	0,397251516
SCO5582	0,247543027	0,319276841	0,089474833	0,145202219	0,250659287	-0,288983074	0,702430145	0,995446377
SCO5606	0,346628027	0,291642735	-0,194963573	0,12777484	0,175169265	-0,151207147	0,677412289	0,962855003
SCO5610	0,309511068	-0,649720207	-1,166646268	0,149011008	0,161463488	-0,014375629	1,260254725	1,496435649
SCO5653	0,185442501	-0,142209942	-0,045369176	0,141778981	-0,056447791	-0,082042491	0,317371949	0,445761832
SCO5656	0,194068741	-0,316333131	-0,024221466	-0,323634535	-0,235834303	-0,137044997	-0,594995463	-0,625029627
SCO5711	0,312458544	0,099264317	-0,160576392		0,34849758	-0,096550193		0,499885405
SCO5745	0,067027575	-0,144027679	-0,325037243		-0,088129231	-0,373514889		0,500845866
SCO5756	0,044289294	-0,331615042	-0,736623519			-0,656529208		0,389260298
SCO5761	0,031513263	-0,085226269	0,050780755	0,029644451	-0,049722162	-0,130321806	0,301671746	0,455360509
SCO5789	-0,114448179	-0,561974242	-1,131971754	0,012529228	0,108618732	-0,440771365	0,282033858	0,818167293
SCO5790	-0,121030037	-0,384352987	-0,747010159	-0,080625361	-0,010757345	-0,312095697	0,064743151	0,107377339
SCO5791	-0,626224473	-0,320295425	-1,048620521		-0,01823367	-0,442951941	0,757141968	0,968702665
SCO5796	0,33796047			0,027613841				0,63407257
SCO5833	0,055489725	-0,233008654		0,163303201	0,481895077	0,284041853	0,956195025	1,114324772
SCO5850	-0,082921831	0,00235401	-0,33827919	0,159310704	0,39009963	0,213273682	0,092291493	0,60838808
SCO5866	0,052550371	0,456625085	0,519704641	0,173577363	0,043841173	0,123481862	-0,616922147	-1,04037551
SCO5870	-0,193108595	0,146005228	0,069020122	-0,321665349	-0,232016356	0,144993981	0,052983651	-0,482688736
SCO5882	-0,381873487		-1,04758451	-0,107668301	-0,977600436	-1,122398213	1,122322669	1,279470865
SCO5945	0,050144587	-0,270982039	1,180756643	0,017510238	0,285324437	0,061216994		-0,093463425
SCO5982	0,059856316	-0,090037885	-0,010376376	-0,054239495	0,087593917	0,149180473	0,123275616	0,440646145
SCO5990	-0,035571148	-0,444885222	-1,109503553		-0,281279385	-0,473263876	0,307204413	0,769585592
SCO6029	-0,100106468	-0,806381913	-1,610834785	-0,07169227		-0,458390722	1,245507658	1,125863936
SCO6054	0,00123733	-0,437427223	-0,355276493	-0,090861044	-0,413069806	-0,703264891	1,079530023	0,972148057
SCO6071	0,032129025	-0,36216659	-0,529919783	-0,143588473	-0,121520157	-0,286292079	0,280561523	0,524701817
SCO6167	0,1457826	-1,068199612	-1,526979804		-0,665315259	-1,07712486	1,036074165	0,853219927
SCO6189	0,047756591	0,253635321	0,397551906	0,219592829	-0,073156664	0,025489133	-0,604822292	-0,714843696
SCO6212					-0,058115913	0,128580933	0,072911299	-0,819927505
SCO6240	-0,001627732	-0,921266079	-1,115775522	-0,322727645	-0,684877355	-0,953774624	1,000171895	1,019465823
SCO6254				0,273449031	-0,838551761	0,182089398	-1,182830178	
SCO6291	0,092141218	0,579575073	0,908813132	0,366441622	-0,050607735	0,038464926	-0,900080121	-1,133355882
SCO6305	0,145497841	-1,044586707	-1,914034818	0,098059774	-0,005613203	-0,12527361	1,296032551	1,196638448
SCO6340	0,04111343	0,153929576	-0,06678623	-0,00705655	0,395290072	0,308353731	0,215491862	0,570099881
SCO6375	-0,040587675	-0,392444074	-1,462615213	-0,299982509	-0,425859323	-1,018952147	0,471164939	0,38905631
SCO6393	0,036337886	-0,438341505	-0,674635889	0,104206664	0,082578117	-0,033227791	0,673029856	0,701737961
SCO6411	0,185943953	-0,222992462	-0,596434902	0,269903523	-0,179916589	-0,23413614	-0,061781227	0,036736977
SCO6445	0,228372213	-0,198997063	-0,352411054	0,155977164	0,022847291	0,119332872	0,596279758	0,451170554
SCO6524	0,012404628	0,518202851	0,589225654	0,341816213	0,046357157	0,030052482	-0,918114972	-0,912125111
SCO6586	0,630248938	-0,098150958	-0,043730266	0,558043245	0,056105616	0,242831664	0,986710751	0,886456455
SCO6596	0,333918594	-0,279224859	0,001509056	-0,687417499	-0,32046913	0,042781651	-0,87800358	-1,313194442
SCO6653	0,425761397	-0,222854967	0,089769758	-0,680553279	-0,146909761	0,055833442	-0,53453037	-1,042448735
SCO6657	0,45922726	-0,006704503		-0,616594586	-0,387014006	-0,128164158	0,724905583	-0,825677427
SCO6681	0,042235803	-0,232044132	-0,42400373		0,126241168	-0,208751775	0,298794814	0,513051092
SCO6684	0,042460738	-0,050533702	0,268929382	-0,058549781	0,405352955	0,841692215	-0,265096132	-0,456692851
SCO6725	0,340303976	-0,001008297	0,06735751	-0,425171246	-0,078007852	-0,149799614	-0,545311879	-0,503571902
SCO6753	0,060345569	-0,470719487	-0,712563104	-0,10688924	-0,315727338	-0,593394003	0,461842902	0,472481904
SCO6763	0,061517805	-0,486935273	-0,608020947	-0,262266339	-0,401075646	-0,731634691	0,395499751	0,414696414
SCO6800	-0,080869265	-0,476346017	-0,848829958	-0,018826824	0,079999256	0,023904367	0,541290579	0,453213663
SCO6824	-0,072188441	0,118797512	0,026372267	0,979284652	1,054633592	1,343006854	-0,222943396	-0,249643314
SCO6848	0,099394552	-0,091268639	-0,278227374	0,139359213	0,057709466		0,466211312	0,610998775
SCO6849	0,068716986	-0,433275219	-0,615386959	-0,049788646	-0,043029881	-0,138172254	0,341261995	0,391396496
SCO6873	0,205302796	-0,259510539	-0,245763569	0,158901978	-0,161905306	-0,319214329	0,417161004	0,474246293
SCO6895	0,072664682	-0,384929455	-0,527027486	0,02500311	0,077488989	-0,19631409	0,679348998	0,737095678
SCO6907	-0,014324396	-0,746827751	-0,864643804	-0,064807463	-0,663860578	-0,743454198	0,533700436	0,684368371
SCO6947	0,139750291	-0,897047336	-1,215768776	0,142162734	-0,987987296	-1,186794829	1,114250889	0,874202721
SCO6972	0,157893118	-0,129393288	-0,252981399	0,085894371	-0,07335729	-0,19458613		0,583962378
SCO6976	0,091644074	-0,661225116	-0,830779667	0,096151522	-0,673556683	-1,05031357	0,730026165	0,789107908
SCO7000	-0,091562074	-0,215085824	-0,199797482	-0,093314212	-0,417114731	-0,433205842	0,551847866	0,463866898
SCO7004	0,451283177	-0,114763092	-0,096131831	0,44777609	-0,061151578	0,142202093	0,7926698	0,790463349
SCO7073	-0,101813412				-0,359628381	-0,132322915	0,483971592	0,473789559
SCO7112	-0,025118679	0,02121705	0,012813204	-0,113445261	-0,083638623	-0,034533813	0,066072197	-0,438558484
SCO7118	0,371053369	-0,168405619	-0,323652717	-0,045448177	-0,014344245	-0,367582085		0,612294776
SCO7178	0,056843755	0,374470421	-0,022285345	0,001237404	0,45232894	0,798478683	0,315432547	0,675179925
SCO7188	0,183507269	-0,009353803	-0,085315773	0,186275609	0,088909787	-0,013358485	0,186045659	0,455821581
SCO7211	0,33691498		-0,052806279	0,473590303	0,019510223	0,200306796	0,594158121	0,72764199
SCO7408	-0,393349846					-2,325700538	1,17969949	1,242325814
SCO7434		-3,229291218	-4,36186797		-0,556299893	-1,196844947	2,719890233	4,083996319
SCO7449	-0,005951409	-1,911805582	-3,05718961	0,043683121	-1,784939617	-1,912588475	1,400264055	1,270615209
SCO7450		-0,882860096	-1,716140426		-1,216784388	-1,323856404	0,819856908	1,169485802
SCO7451		-1,118326098	-2,244675261	-0,246512164	-1,097994571	-1,251372741	1,814005996	0,912891111
SCO7545	0,039887562	-0,097978935	-0,155366807	0,200869417	0,118509557	0,138382525	0,562010856	0,716770084
SCO7570	0,120929155	0,088316931	0,359840533	0,235534833	-0,093627686	0,041389907	-0,330386832	-0,607003021
SCO7588	0,481069998	-2,171187199	-1,389822422		-2,218967114	-2,68780931	2,032640597	1,685983475
SCO7657	-0,019191884	0,899166241	1,491291548	0,26660361	0,650761644	0,345937019	-1,356172478	-1,31082927
SCO7658	0,190179434	0,492359289	1,116989379	0,001785977	0,160604711	0,112684248	-0,978840474	-1,004740496
SCO7673		-1,258599953	-0,980741231			-0,569000549	0,488529826	0,523189533
SCO7699		0,219490116	-0,133317839		1,255304367	0,628303428		3,000423893
SCO7740	-0,043924759	0,364501747	0,579241629	0,034782175	0,284238102	0,105929446	-0,747081224	-0,689291911
SCO7748	0,059341992	-0,587490193	-0,790462851	-0,026774197	-0,320395874	-0,3219665	0,525657323	0,639044659
SCP1.22c	0,62740423	1,217553674	2,242195228	-0,480311287	0,811849001	0,315049189	-0,527483585	-0,153338074
SCP1.233B	-0,036799831	0,015969971	-0,084809047	0,205261739	0,016908896	-0,003632245	0,284117521	0,486840246
SCP1.270	0,539960873	0,68886462	0,620296422	0,114744431	0,255113694	-0,050570958	-0,268150142	-0,091131785
